,iso3,year,sector_GMatrix,g_primaryagr,g_otherprim,g_energy,g_procfoods,g_bevtobacco,g_textiles,g_clothing,g_leather,g_lumber,g_paperpub,g_chemicals,g_nonmetmin,g_metals,g_fabmetals,g_transpequip,g_machinery,g_othermanuf,g_water,g_construction,g_distribution,g_transport,g_communcation,g_finance,g_insurance,g_obsict,g_oconsumer,g_oservices,sector_HMatrix,h_primaryagr,h_otherprim,h_energy,h_procfoods,h_bevtobacco,h_textiles,h_clothing,h_leather,h_lumber,h_paperpub,h_chemicals,h_nonmetmin,h_metals,h_fabmetals,h_transpequip,h_machinery,h_othermanuf,h_water,h_construction,h_distribution,h_transport,h_communcation,h_finance,h_insurance,h_obsict,h_oconsumer,h_oservices,DomVAshare,GXshare,DXshare,VXsharefwd,VXsharebwd
3833,alb,2004,oservices,0.2913,0.1102,0.1467,0.3305,0.0156,0.1665,0.1973,0.382,0.142,0.1192,0.0506,0.0406,0.0478,0.1944,0.0152,0.0778,0.0092,0.0041,1.3527,1.9867,0.9478,0.4487,0.0961,0.266,0.9525,2.9623,809.667,oservices,0.0187,0.0426,0.0116,0.0212,0.006,0.0836,0.1687,0.3393,0.0406,0.0272,0.0211,0.0122,0.0479,0.0427,0.0073,0.0579,0.0051,0.0004,0.0073,0.1861,0.5743,0.2343,0.0336,0.0871,0.1539,0.8428,18.0669,0.842349,0.012679,0.024347,0.01798,0.016921
3860,are,2004,oservices,0.1888,0.0584,15.8087,0.3554,0.0801,0.1018,0.4578,0.0939,0.0282,0.4187,1.7375,0.096,0.475,0.0482,3.3171,8.7251,3.0858,6.2485,4.5101,8.641,4.0833,0.8696,4.3269,0.4064,4.6752,10.1937,10996.9,oservices,0.07,0.0563,15.0587,0.2363,0.0555,0.0895,0.3326,0.0628,0.0238,0.2741,0.6916,0.06,0.422,0.0323,2.3856,7.6113,2.6399,0.0552,0.0428,0.3766,1.548,0.0584,0.3082,0.2265,2.2215,1.1147,335.398,0.9141,0.005196,0.008522,0.007509,0.007036
3885,arg,2004,obsict,251.839,6.4964,83.9202,785.318,130.642,9.6189,48.2307,46.1782,30.3346,37.5579,138.864,7.0425,80.1129,6.8087,67.5462,87.0572,35.5532,13.1632,347.31,1013.04,265.169,62.2059,71.3801,97.3678,3326.72,181.124,960.044,obsict,248.625,7.1179,211.082,450.843,22.4808,5.9817,3.8521,25.5737,12.8907,17.7036,97.9072,5.0292,53.8988,6.1234,43.0268,34.4431,1.5068,0.2838,1.8074,27.086,91.1629,6.6466,2.7954,3.0731,829.544,13.3012,11.0382,0.598557,0.03268,0.055199,0.06981,0.037199
3887,arg,2004,oservices,202.647,5.3857,76.9778,662.209,104.308,7.2396,33.2324,38.8911,21.9875,30.2127,121.837,5.3244,69.6368,5.3506,50.0077,67.5439,25.5533,14.2823,265.789,690.174,217.317,70.7294,49.9554,70.0965,210.064,158.427,33129.1,oservices,200.061,5.9009,193.62,380.168,17.9492,4.5021,2.6542,21.5381,9.3436,14.2413,85.9019,3.8023,46.8506,4.8121,31.8548,26.723,1.083,0.3079,1.3831,18.4534,74.7118,7.5573,1.9563,2.2124,52.3811,11.6345,380.907,0.79735,0.01142,0.025697,0.050058,0.013695
3914,arm,2004,oservices,2.5615,1.0366,0.6777,6.7135,2.7634,0.6146,0.4398,0.0353,0.4188,0.4585,0.0997,0.0441,2.0538,0.2521,0.2056,0.8664,7.1967,0.4583,2.9656,2.8792,0.9798,0.6276,0.5066,0.5055,0.345,0.1619,311.658,oservices,0.153,0.7518,0.202,0.2817,0.7951,0.4679,0.343,0.0092,0.1079,0.1522,0.0564,0.0341,1.9925,0.0314,0.085,0.7168,6.9441,0.0364,0.0752,0.2345,0.7027,0.2071,0.0704,0.2119,0.2936,0.1132,16.0694,0.544571,0.026782,0.038467,0.047889,0.034605
3917,aus,2004,energy,236.533,476.699,11708.4,686.18,162.716,53.0067,24.8325,11.7015,16.6051,133.708,355.943,24.4888,2061.03,69.8767,242.997,425.53,104.544,53.9444,1422.57,1663.68,2073.95,144.161,39.4083,24.2071,218.86,439.683,1196.43,energy,156.797,421.915,8792.73,269.482,60.4776,26.1804,4.1181,9.129,17.426,26.2507,195.392,16.3324,2100.04,23.3399,73.5239,167.278,18.9019,1.5986,1.669,61.147,788.827,14.4472,3.3711,2.8958,38.4899,39.287,18.758,0.433807,0.136046,0.153712,0.14307,0.131261
3924,aus,2004,paperpub,45.8786,45.9276,65.8233,385.425,160.661,19.3597,13.1583,5.4095,6.6308,2431.85,131.058,3.7036,77.182,14.1839,103.543,138.152,40.6669,11.0976,675.329,1558.63,174.308,182.223,43.7655,32.3729,216.118,488.044,1219.76,paperpub,30.4128,40.6495,49.4318,151.367,59.714,9.5619,2.1821,4.2203,6.9586,477.442,71.9433,2.4701,78.6429,4.7377,31.3291,54.3086,7.3527,0.3289,0.7923,57.286,66.2978,18.2617,3.7439,3.8726,38.0076,43.6082,19.1239,0.420045,0.009449,0.010338,0.014297,0.009074
3933,aus,2004,construction,72.8113,303.908,326.472,166.48,45.2211,9.2417,5.5311,2.6563,8.8398,27.1514,57.9774,3.0019,258.521,13.2233,77.742,108.147,28.4717,70.7493,33555.6,1059.82,307.45,217.522,21.8394,14.6664,172.12,150.711,1538.44,construction,48.2663,268.982,245.173,65.3812,16.8076,4.5645,0.9173,2.0723,9.2768,5.3306,31.8262,2.0021,263.415,4.4168,23.5225,42.5135,5.1478,2.0966,39.3689,38.9526,116.938,21.7991,1.8682,1.7545,30.2699,13.4664,24.1202,0.303726,0.000879,0.000695,0.014256,0.000893
3934,aus,2004,distribution,425.946,438.853,565.562,1654.94,687.29,118.826,84.1072,35.3945,47.4229,263.404,563.337,19.8178,685.881,98.2642,1093.24,974.907,295.573,85.3369,3778.13,50033.1,1665.36,633.02,170.09,131.824,732.906,1519.7,3610.88,distribution,282.358,388.419,424.725,649.942,255.449,58.6888,13.9479,27.6134,49.7673,51.7138,309.239,13.2171,698.864,32.8218,330.784,383.242,53.4405,2.5289,4.4327,1838.92,633.419,63.4387,14.5501,15.7695,128.893,135.789,56.6127,0.445025,0.033322,0.038622,0.074147,0.034882
3935,aus,2004,transport,261.424,192.748,445.881,1135.29,322.319,57.9458,36.4679,23.8467,39.5945,165.852,340.948,20.2576,546.331,59.5403,317.928,396.375,138.352,31.9208,2204.65,3235.48,10751.6,253.063,63.8651,39.4803,358.59,607.778,1726.88,transport,173.297,170.597,334.847,445.86,119.798,28.6199,6.0477,18.6043,41.5519,32.5615,187.161,13.5104,556.672,19.8874,96.1958,155.818,25.0145,0.9459,2.5866,118.917,4089.36,25.361,5.4632,4.7228,63.0634,54.3068,27.0746,0.368619,0.090453,0.086841,0.073067,0.090758
3936,aus,2004,communcation,80.1933,103.368,157.554,307.448,91.5909,23.347,15.1849,5.4913,11.9308,80.9926,113.723,5.6793,160.443,23.8419,173.146,245.756,65.2047,27.5185,1173.55,2310.17,544.437,4416.11,171.356,117.614,414.087,982.395,1869.11,communcation,53.1598,91.4886,118.32,120.743,34.0421,11.5313,2.5182,4.2841,12.5206,15.9012,62.4275,3.7877,163.48,7.9636,52.3891,96.6083,11.7892,0.8155,1.3769,84.9082,207.076,442.565,14.6584,14.0697,72.8234,87.7799,29.3046,0.4432,0.008622,0.009953,0.019487,0.008828
3937,aus,2004,finance,284.372,307.57,509.16,568.148,200.211,49.8138,27.4248,10.2056,18.1303,118.0,191.807,8.5275,374.287,36.0961,250.717,304.047,90.0206,128.234,3803.35,3008.72,676.377,254.63,9693.65,1450.83,731.769,912.281,5384.01,finance,188.509,272.223,382.368,223.127,74.4137,24.6034,4.548,7.962,19.0266,23.1667,105.291,5.6873,381.371,12.0567,75.8597,119.523,16.276,3.8001,4.4623,110.583,257.26,25.518,829.229,173.556,128.693,81.515,84.4125,0.627885,0.009255,0.015136,0.038957,0.010569
3938,aus,2004,insurance,44.2979,47.1455,51.2127,184.617,39.8646,8.7012,4.0131,1.9559,3.7915,31.2157,40.8801,1.8128,51.9721,6.1383,63.6144,53.533,16.1675,5.8871,602.907,728.462,108.999,34.8929,125.284,6299.61,93.0772,250.705,1110.11,insurance,29.3649,41.7274,38.4596,72.5042,14.8167,4.2976,0.6655,1.5259,3.979,6.1285,22.4408,1.209,52.9558,2.0503,19.2479,21.0442,2.9231,0.1745,0.7074,26.7739,41.4578,3.4968,10.7172,753.593,16.369,22.4012,17.4047,0.585242,0.009926,0.01513,0.013165,0.011379
3939,aus,2004,obsict,587.447,1048.7,1493.91,2391.25,742.796,196.523,119.618,48.4806,106.967,687.571,1197.07,43.0664,1868.44,216.787,2054.12,1898.02,482.186,200.23,12307.1,15644.5,4034.2,1374.1,926.124,603.342,13683.3,4894.87,10033.0,obsict,389.416,928.182,1121.9,939.108,276.079,97.064,19.8368,37.8227,112.255,134.99,657.124,28.7224,1903.81,72.4102,621.517,746.122,87.1807,5.9336,14.4393,574.999,1534.4,137.707,79.2239,72.175,2406.42,437.371,157.302,0.468655,0.031422,0.038354,0.145682,0.033811
3940,aus,2004,oconsumer,33.7493,58.8451,84.54,157.168,54.4113,9.9303,7.0271,2.6418,5.4888,43.8741,67.7188,2.0932,82.0945,9.5318,132.89,91.2955,31.0266,16.4804,683.851,1263.51,186.227,75.9819,65.0248,40.8125,345.14,15885.7,1100.51,oconsumer,22.3723,52.0825,63.4876,61.7242,20.2234,4.9047,1.1653,2.061,5.7601,8.6137,37.1737,1.3961,83.6484,3.1838,40.2086,35.8889,5.6097,0.4884,0.8023,46.439,70.8313,7.6146,5.5624,4.8822,60.698,1419.43,17.2542,0.447547,0.026433,0.030811,0.022329,0.027182
3941,aus,2004,oservices,54.9696,97.3168,142.418,241.808,81.7421,15.7789,18.2933,5.5302,8.8973,79.8025,137.413,4.0248,150.141,16.5287,167.544,146.042,36.9003,23.3701,907.312,942.122,472.439,145.107,115.745,62.6703,334.84,510.311,130845.0,oservices,36.4391,86.1329,106.953,94.9647,30.3816,7.7933,3.0337,4.3145,9.3371,15.6675,75.4316,2.6843,152.983,5.5209,50.6939,57.4102,6.6717,0.6925,1.0645,34.6268,179.692,14.542,9.9013,7.497,58.8867,45.5978,2051.44,0.739024,0.024783,0.047701,0.033762,0.027473
3944,aut,2004,energy,50.5503,18.5646,-810.512,128.581,77.0909,39.7307,11.0135,11.3962,87.9144,197.467,404.474,74.9404,276.744,54.7671,115.427,238.651,33.1118,-0.0888,278.506,504.207,2039.94,40.1043,3.9202,20.2666,189.778,76.846,560.393,energy,19.63,9.7639,612.151,55.8622,32.5751,34.8714,8.9034,10.1144,86.6025,155.033,418.128,70.7749,281.403,44.0839,118.876,223.81,15.6897,0.0069,7.9209,63.7789,1253.14,8.3836,2.1172,5.6869,47.6104,14.8936,10.7063,0.429665,0.009029,0.009717,0.042446,0.008213
3960,aut,2004,construction,23.6308,7.2114,-7.8819,77.4942,47.7123,21.2404,8.9944,8.5606,50.3569,47.6813,91.3888,23.995,40.6231,37.4915,63.6554,202.445,36.0899,-0.2294,23518.6,614.934,396.481,59.429,12.9478,52.7971,1319.43,116.732,1137.47,construction,9.1765,3.7928,5.9529,33.6676,20.161,18.6426,7.2712,7.5977,49.6055,37.4349,94.4739,22.6613,41.3071,30.1782,65.5575,189.855,17.1008,0.0179,668.888,77.7851,243.559,12.4233,6.9929,14.8152,331.01,22.6241,21.7312,0.557071,0.008615,0.012022,0.024137,0.010313
3966,aut,2004,obsict,60.8482,39.6623,-43.3891,586.679,347.332,159.652,83.4922,55.1681,245.907,433.726,773.681,165.539,338.302,324.383,677.955,1908.12,282.787,-0.3248,2187.68,5471.26,2277.16,356.452,82.6345,552.734,28128.9,795.428,3486.01,obsict,23.629,20.86,32.7702,254.885,146.767,140.125,67.4961,48.963,242.238,340.521,799.799,156.338,343.998,261.107,698.212,1789.46,133.995,0.0253,62.2195,692.078,1398.87,74.5143,44.6295,155.101,7056.82,154.163,66.6,0.661306,0.070225,0.116325,0.178667,0.09708
3968,aut,2004,oservices,30.232,4.6248,-5.9279,107.634,51.4775,21.3751,9.7255,8.74,32.3729,43.9424,86.4424,20.627,36.4051,32.1691,66.1397,196.307,34.4298,-0.0793,198.909,525.403,230.347,24.3554,6.9566,89.8356,757.142,61.9701,45495.8,oservices,11.7399,2.4324,4.4771,46.7619,21.7521,18.7608,7.8622,7.7569,31.8898,34.4995,89.3605,19.4805,37.018,25.894,68.1159,184.099,16.3142,0.0062,5.6571,66.46,141.503,5.0914,3.7571,25.2084,189.947,12.0105,869.195,0.700126,0.009043,0.015859,0.022877,0.012256
3995,aze,2004,oservices,0.0362,0.0018,1.8818,0.0617,0.0309,0.0076,0.0007,0.0003,0.0036,0.0012,0.0505,0.0014,0.0589,0.0017,0.0975,0.0269,0.0035,0.0058,2.7242,0.1343,0.64,0.0591,0.0002,0.0005,0.1785,1.4996,615.073,oservices,0.0058,0.0004,1.4451,0.009,0.0024,0.007,0.0005,0.0002,0.0032,0.0009,0.0439,0.0009,0.059,0.0013,0.0828,0.0155,0.003,0.0001,0.0075,0.0114,0.333,0.0127,0.0,0.0004,0.0801,0.0688,26.6836,0.530022,0.011057,0.012727,0.008802,0.010187
4014,bel,2004,construction,11.8969,115.012,21.9124,147.616,53.6006,30.5659,16.0019,13.3019,26.6974,49.7406,396.181,33.4619,120.148,41.5713,116.996,219.097,36.1791,7.2233,20631.4,880.438,570.481,57.0286,30.5205,34.6617,1177.5,106.019,1319.64,construction,10.4518,119.993,53.4082,107.364,20.5139,29.0497,18.4195,18.0834,26.6145,39.8197,408.471,31.363,122.746,41.0891,119.265,207.149,39.1371,1.0178,724.039,104.638,430.51,22.0505,12.8793,6.9794,372.95,16.3384,38.7871,0.356159,0.00595,0.008006,0.025507,0.007989
4017,bel,2004,communcation,8.9523,82.7482,6.2589,137.278,42.8193,28.335,15.3811,13.2212,15.4809,76.8919,265.702,21.6952,58.7158,20.6352,96.0161,239.442,29.734,3.1934,300.533,741.046,340.303,3610.62,114.229,109.436,903.239,119.788,739.102,communcation,7.8649,86.3317,15.255,99.8445,16.3877,26.9294,17.7049,17.9737,15.4328,61.5555,273.944,20.3343,59.9854,20.3958,97.8782,226.385,32.1651,0.45,10.5469,88.0718,256.808,1396.07,48.2033,22.0357,286.083,18.4604,21.7239,0.537159,0.008189,0.016618,0.026332,0.014643
4020,bel,2004,obsict,122.24,942.654,79.9988,1863.44,526.912,332.132,176.334,109.091,160.628,559.952,3423.38,250.364,716.185,238.017,1183.9,2513.67,299.569,13.1098,3153.34,5467.09,3191.75,701.46,526.998,839.984,36149.3,821.889,5173.92,obsict,107.392,983.478,194.985,1355.31,201.658,315.656,202.975,148.305,160.129,448.267,3529.58,234.66,731.672,235.256,1206.86,2376.59,324.062,1.8473,110.664,649.753,2408.64,271.225,222.386,169.137,11449.6,126.66,152.073,0.548517,0.059533,0.123362,0.229808,0.107134
4021,bel,2004,oconsumer,2.2563,16.0765,0.8883,30.2295,9.5634,4.8753,2.5143,2.0818,2.5147,27.8374,50.5391,3.7503,12.6736,3.697,41.9278,39.618,6.0044,0.1514,52.0981,152.559,42.565,8.377,7.8531,9.6434,290.207,6296.4,344.179,oconsumer,1.9823,16.7727,2.1651,21.9864,3.6601,4.6335,2.8941,2.8301,2.5069,22.2851,52.1068,3.5151,12.9476,3.6542,42.7409,37.4576,6.4953,0.0213,1.8283,18.1313,32.1214,3.239,3.3139,1.9418,91.9171,970.332,10.1162,0.495456,0.006042,0.011309,0.011147,0.009877
4022,bel,2004,oservices,120.777,63.4293,7.6822,231.228,61.6379,43.3766,15.928,9.1048,19.6113,40.4717,392.802,27.129,115.636,26.2599,152.34,198.095,68.5925,0.7812,417.931,393.702,203.928,32.9865,18.7114,39.8775,522.26,115.552,82729.5,oservices,106.106,66.1762,18.7242,168.176,23.5899,41.2249,18.3345,12.3777,19.5504,32.3994,404.987,25.4273,118.136,25.9553,155.294,187.293,74.2007,0.1101,14.6669,46.7906,153.893,12.7545,7.896,8.0297,165.415,17.8077,2431.61,0.727007,0.011396,0.0313,0.035357,0.022088
4049,ben,2004,oservices,0.0023,0.0003,0.0,0.0056,0.0009,0.0005,0.0039,0.0,0.0015,0.001,0.0008,0.0004,0.0007,0.0,0.0001,0.0002,0.0,0.0002,0.0757,0.0457,0.0223,0.027,-0.0001,0.0001,0.0062,0.0071,752.449,oservices,0.0006,0.0001,0.0,0.0002,0.0001,0.0002,0.0002,0.0,0.0003,0.0001,0.0003,0.0004,0.0006,0.0,0.0001,0.0002,0.0,0.0,0.0005,0.0021,0.0099,0.0021,0.0,0.0001,0.0036,0.001,10.4267,0.74461,0.025549,0.031035,0.023604,0.027027
4079,bgd,2004,energy,111.704,70.9145,676.533,267.294,5.4619,126.38,75.7613,19.7377,27.5574,8.9778,68.5986,13.014,-56.2923,85.4583,24.6028,19.911,15.3875,0.0027,279.267,15.6533,109.84,0.4081,2.3413,0.3723,19.5741,64.2012,114.927,energy,4.1021,0.728,12.1174,11.5251,0.2532,72.2615,71.3359,16.36,0.6406,0.5909,42.6163,2.5216,5.2607,1.5914,2.8252,5.0633,1.8645,0.0,0.1061,0.156,2.8727,0.5785,0.2011,0.1295,2.9232,0.2255,10.9442,0.462856,0.001752,0.002961,0.035833,0.001843
4095,bgd,2004,construction,16.2045,11.993,13.2691,277.409,0.9712,38.9462,42.6804,3.779,8.7523,0.6394,3.1948,1.5463,-3.3871,6.2736,4.7926,3.1775,2.2524,0.001,5982.04,4.1673,12.0855,0.092,1.0032,0.1601,4.1778,13.8089,321.728,construction,0.5951,0.1231,0.2377,11.9612,0.045,22.2686,40.1873,3.1323,0.2034,0.0421,1.9848,0.2996,0.3165,0.1168,0.5504,0.808,0.2729,0.0,2.2732,0.0415,0.3161,0.1304,0.0862,0.0557,0.6239,0.0485,30.6372,0.566369,0.000369,0.000763,0.015587,0.000447
4096,bgd,2004,distribution,611.208,1179.29,32.8157,1651.76,48.2368,847.146,494.181,59.8489,55.1029,7.9612,29.3859,34.1748,-82.1769,98.4577,146.981,117.792,35.3558,0.0011,930.658,550.177,498.239,0.4451,31.4866,5.042,117.737,673.019,814.221,distribution,22.4455,12.1057,0.5878,71.22,2.2358,484.38,465.315,49.6069,1.2809,0.524,18.2557,6.6218,7.6796,1.8335,16.8782,29.9543,4.284,0.0,0.3537,5.4843,13.0307,0.631,2.7048,1.753,17.5827,2.3642,77.5358,0.721067,0.000671,0.001766,0.174873,0.000899
4097,bgd,2004,transport,202.359,165.266,19.526,515.609,6.5985,208.137,151.974,21.4789,17.7275,3.3163,9.1976,20.7536,-24.8568,37.5342,11.9853,13.4265,14.4886,0.0009,477.328,12.22,4653.08,0.5467,3.6,0.5794,82.0598,251.029,112.198,transport,7.4313,1.6965,0.3497,22.2318,0.3059,119.008,143.096,17.8032,0.4121,0.2183,5.7139,4.0213,2.3229,0.699,1.3763,3.4143,1.7556,0.0,0.1814,0.1218,121.694,0.775,0.3093,0.2015,12.2547,0.8818,10.6843,0.715797,0.01501,0.03922,0.063614,0.019325
4098,bgd,2004,communcation,13.7343,24.843,1.2488,46.0427,1.0838,23.8601,21.1928,4.8197,1.7399,0.3308,1.061,0.8421,-2.1847,2.9712,3.2447,4.6931,1.2796,0.0002,23.9769,11.2723,13.9086,33.3422,2.8135,0.4485,10.9621,33.9134,121.144,communcation,0.5044,0.255,0.0224,1.9852,0.0502,13.6427,19.9549,3.9949,0.0404,0.0218,0.6591,0.1632,0.2042,0.0553,0.3726,1.1934,0.1551,0.0,0.0091,0.1124,0.3638,47.2627,0.2417,0.1559,1.6371,0.1191,11.5361,0.803414,0.004977,0.014596,0.013908,0.006858
4103,bgd,2004,oservices,56.0008,88.8047,4.1054,139.067,3.2952,66.2853,40.3246,6.5087,4.8801,0.7575,2.63,2.5978,-7.2353,8.0338,9.1286,7.9422,2.516,0.0002,94.4332,32.8037,108.863,0.957,2.0926,0.3313,46.1769,138.808,5903.25,oservices,2.0565,0.9116,0.0735,5.9962,0.1527,37.9006,37.9691,5.3948,0.1134,0.0499,1.6338,0.5034,0.6762,0.1496,1.0483,2.0197,0.3049,0.0,0.0359,0.327,2.8471,1.3565,0.1798,0.1152,6.896,0.4876,562.149,0.706696,0.071712,0.185,0.089166,0.097241
4130,bgr,2004,oservices,11.0013,0.7621,8.0528,8.6894,1.481,1.2343,1.6463,0.7992,1.4471,0.4307,2.4527,0.6113,5.4727,0.6372,0.9243,4.084,0.5741,0.6577,16.8319,27.3366,32.9874,3.6263,0.5297,0.1204,11.4956,7.3349,3340.94,oservices,3.1562,0.5407,3.4206,2.0496,0.5223,1.1771,1.5843,0.7282,1.4607,0.2876,2.3022,0.5802,5.4364,0.6201,0.4601,3.4559,0.3368,0.1158,0.6958,3.7331,22.5793,0.9178,0.1574,0.1263,3.1849,2.2856,104.83,0.51758,0.012807,0.020796,0.020635,0.016615
4157,bhr,2004,oservices,0.0046,0.0117,4.0375,0.0158,0.0024,0.0123,0.0705,0.0025,0.0018,0.0288,0.1718,0.0034,0.1654,0.0057,0.0769,0.1831,0.136,0.5016,0.4615,0.4521,0.9245,0.1618,0.7119,0.4926,0.6435,1.3822,1228.64,oservices,0.0006,0.0116,3.4309,0.007,0.001,0.0104,0.0663,0.0007,0.001,0.0198,0.1207,0.0012,0.1604,0.0048,0.039,0.106,0.0962,0.0121,0.0244,0.0542,0.7052,0.1154,0.1557,0.4667,0.2978,0.6319,196.042,0.826331,0.028361,0.044236,0.03281,0.033686
4184,blr,2004,oservices,2.8845,1.1359,42.5432,11.3666,0.6026,3.4267,2.9848,0.6278,3.0296,0.8125,7.4568,1.717,1.7743,0.7884,3.1705,9.0448,0.2953,0.1802,11.627,1.368,7.56,1.154,0.0932,0.0554,1.3604,0.3398,2936.54,oservices,0.2924,0.4446,23.6114,4.6776,0.1824,3.0754,2.0715,0.5055,2.7574,0.673,7.668,1.7933,1.8688,0.8295,1.6813,6.8714,0.1847,0.0086,0.2049,0.0808,5.6452,0.229,0.0122,0.0102,0.8081,0.015,55.6358,0.550237,0.006482,0.015136,0.016628,0.009847
4211,bol,2004,oservices,3.6916,1.054,7.1329,14.9795,3.9,0.3607,0.7692,0.4602,2.4918,0.2096,1.3874,0.2121,0.8187,0.0765,0.3379,0.8621,0.6433,0.4426,3.6193,6.3614,39.1315,1.9931,3.8826,3.0564,0.9786,0.0009,1805.8,oservices,0.7728,1.0717,7.8419,4.8828,0.4357,0.2656,0.2584,0.1431,1.1281,0.0339,0.4507,0.0956,0.8245,0.0715,0.2169,0.58,0.4398,0.0082,0.0059,0.1315,10.2674,0.4033,0.1758,0.9783,0.2965,0.0001,30.0509,0.740666,0.015389,0.029697,0.028657,0.01657
4214,bra,2004,energy,1169.19,738.091,7337.15,2936.42,336.78,224.423,300.058,289.535,142.73,639.612,1587.33,243.699,1882.4,308.477,1458.38,1772.13,363.001,254.876,1429.36,1510.08,3271.01,245.661,168.245,131.047,302.947,660.679,3251.09,energy,598.263,674.119,3032.3,931.91,43.7174,89.2293,12.4176,158.652,142.391,312.853,602.714,235.368,2001.24,72.4137,702.517,533.152,21.3311,2.0187,0.7919,18.6873,609.009,6.8339,4.2408,3.3189,77.9281,14.6624,25.6896,0.395034,0.046512,0.050257,0.11166,0.043013
4222,bra,2004,chemicals,1274.28,278.456,141.498,2093.82,196.614,141.149,137.227,314.251,112.25,324.467,7294.39,48.7517,277.061,183.882,1272.01,1153.04,371.235,50.3313,1121.35,640.807,313.341,139.155,61.8376,47.9352,178.879,175.436,2203.53,chemicals,652.041,254.322,58.4783,664.5,25.5224,56.12,5.679,172.196,111.984,158.706,2769.7,47.0853,294.553,43.1655,612.74,346.895,21.815,0.3986,0.6213,7.93,58.3391,3.8711,1.5587,1.214,46.0138,3.8934,17.4119,0.292869,0.061917,0.0496,0.065771,0.05589
4230,bra,2004,construction,21.4449,13.8204,68.4863,76.9838,10.0292,5.5241,10.0135,9.1257,5.8724,16.9861,44.7547,6.5898,26.0013,7.1581,142.742,84.3636,10.6247,5.3478,25599.3,91.725,51.2077,54.3287,74.5179,71.4037,105.683,125.38,2790.51,construction,10.9732,12.6225,28.3041,24.4318,1.3019,2.1964,0.4144,5.0005,5.8584,8.3084,16.9935,6.3645,27.6428,1.6803,68.7604,25.381,0.6243,0.0424,14.1834,1.1351,9.5341,1.5114,1.8783,1.8084,27.1851,2.7825,22.0502,0.58095,0.000206,0.000327,0.003361,0.000224
4231,bra,2004,distribution,1159.59,502.933,303.627,4539.37,553.889,211.081,652.704,668.501,268.763,417.043,1223.4,131.674,473.921,228.198,2848.59,2547.29,507.3,84.3628,2653.41,46089.3,1364.8,593.232,309.632,394.699,555.133,828.734,6477.15,distribution,593.351,459.343,125.483,1440.63,71.9001,83.9245,27.0116,366.309,268.126,203.988,464.529,127.174,503.84,53.5685,1372.2,766.36,29.8106,0.6682,1.4701,570.357,254.105,16.5029,7.8046,9.9962,142.799,18.3921,51.1814,0.693234,0.006663,0.012634,0.082059,0.00756
4232,bra,2004,transport,488.972,507.641,425.183,2106.72,281.596,85.607,160.918,215.863,160.551,243.528,627.583,76.3728,498.324,171.494,1158.17,1353.63,190.3,64.3795,869.421,1745.65,12817.7,256.21,158.147,148.227,247.958,430.724,2091.59,transport,250.203,463.642,175.72,668.594,36.5539,34.0369,6.6595,118.284,160.171,119.117,238.295,73.7622,529.784,40.2575,557.903,407.244,11.1827,0.5099,0.4817,21.6025,2386.46,7.1274,3.9862,3.754,63.7831,9.5591,16.5274,0.49518,0.037832,0.051242,0.065448,0.040139
4233,bra,2004,communcation,183.808,216.061,258.479,643.582,85.5179,32.2728,58.2027,81.0222,44.6236,144.211,347.397,29.9015,249.418,74.77,672.403,1079.45,74.9666,77.9862,366.922,992.712,396.826,8342.13,521.201,516.791,1086.41,462.098,6067.56,communcation,94.0534,197.334,106.824,204.249,11.101,12.8315,2.4087,44.3966,44.5178,70.5381,131.908,28.8794,265.164,17.5519,323.904,324.757,4.4053,0.6177,0.2033,12.2849,73.8827,232.067,13.1374,13.0883,279.462,10.2553,47.9449,0.559687,0.003004,0.004598,0.026237,0.003334
4234,bra,2004,finance,384.388,311.593,225.733,1250.18,169.765,80.8067,140.234,179.554,105.187,221.94,645.651,50.5594,354.184,142.827,1113.99,1414.97,154.479,57.8096,717.116,1148.21,515.704,356.899,13071.9,569.688,314.343,175.946,7232.37,finance,196.688,284.587,93.2912,396.762,22.0371,32.1283,5.8034,98.3879,104.938,108.558,245.156,48.8311,376.544,33.5281,536.622,425.699,9.0777,0.4579,0.3973,14.2091,96.0158,9.9285,329.49,14.428,80.8596,3.9048,57.149,0.719827,0.003592,0.007073,0.037045,0.004123
4236,bra,2004,obsict,435.996,375.263,813.807,2093.98,300.123,129.255,268.53,232.646,121.372,449.543,944.632,94.0817,413.253,163.099,1657.31,1679.85,222.209,132.408,1170.05,3631.63,1218.62,1242.91,1073.15,765.42,13978.6,857.763,12044.3,obsict,223.096,342.738,336.331,664.554,38.9589,51.391,11.1129,127.48,121.084,219.885,358.68,90.8657,439.342,38.2867,798.346,505.389,13.0578,1.0487,0.6483,44.9415,226.889,34.576,27.0499,19.3851,3595.77,19.0363,95.1722,0.720937,0.040624,0.08011,0.086292,0.046255
4238,bra,2004,oservices,10.3036,8.1808,8.9937,46.297,5.438,2.6027,4.7998,7.687,2.1151,3.5961,20.2419,2.2288,11.3309,4.8168,37.7053,53.9445,6.1164,0.9442,28.7489,33.7263,22.7654,15.1768,48.7157,28.6954,7.2014,11.9247,146268.0,oservices,5.2723,7.4718,3.7169,14.693,0.7059,1.0348,0.1986,4.2121,2.1101,1.7589,7.6859,2.1526,12.0462,1.1307,18.1631,16.2294,0.3594,0.0075,0.0159,0.4174,4.2386,0.4222,1.2279,0.7267,1.8524,0.2646,1155.79,0.722156,0.0138,0.027258,0.012915,0.01579
4265,bwa,2004,oservices,0.0005,0.0093,0.0002,0.0037,0.002,0.0004,0.0003,0.0,0.0001,0.0001,0.0015,0.0004,0.0015,0.0005,0.0028,0.001,0.0017,0.0005,0.0093,0.0043,0.0018,0.0004,0.003,0.0006,0.0024,0.0024,1961.07,oservices,0.0001,0.0092,0.0,0.0005,0.0001,0.0004,0.0003,0.0,0.0,0.0001,0.0009,0.0,0.0015,0.0002,0.0027,0.0008,0.0004,0.0001,0.0001,0.0004,0.0013,0.0001,0.0003,0.0003,0.0006,0.0007,63.669,0.649568,0.023071,0.01915,0.016796,0.022062
4268,can,2004,energy,654.868,940.256,31403.1,1344.47,184.011,94.9998,45.6224,9.7253,1176.07,2239.35,3963.83,132.975,2575.92,257.62,1490.04,954.555,268.848,14.6681,2738.04,3693.23,5681.44,293.358,525.957,176.176,1200.91,599.246,5639.78,energy,520.757,841.265,28785.2,489.655,29.3407,66.2062,18.6152,4.0626,1162.18,1933.24,3406.94,115.162,2602.94,210.658,1273.95,781.853,79.1259,0.2887,4.1537,93.6788,2698.25,40.5744,26.554,58.7334,351.38,91.6322,64.1561,0.515492,0.122685,0.172583,0.193523,0.145238
4275,can,2004,paperpub,73.584,31.7356,156.502,751.629,226.29,40.1556,35.553,6.0402,134.745,9526.47,402.441,30.6504,85.7271,55.8301,418.75,359.803,99.239,3.0407,698.803,1413.81,113.856,179.358,291.057,99.3512,494.308,301.39,1923.86,paperpub,58.5147,28.3944,143.455,273.743,36.0822,27.9848,14.5066,2.5232,133.153,8224.25,345.901,26.5446,86.6262,45.6528,358.022,294.706,29.2075,0.0599,1.0601,35.8613,54.0729,24.8071,14.6946,33.1216,144.632,46.0863,21.8851,0.364608,0.056492,0.056208,0.044438,0.063235
4276,can,2004,chemicals,269.146,52.1877,188.035,600.764,120.832,103.566,23.1187,8.2717,191.182,365.021,12390.5,35.4345,144.493,81.5331,854.377,367.744,122.933,3.0854,1351.65,565.969,93.5841,42.968,66.2171,27.3288,219.885,157.808,1412.09,chemicals,214.028,46.6934,172.36,218.798,19.2668,72.176,9.4331,3.4554,188.924,315.125,10649.7,30.6879,146.009,66.6705,730.474,301.21,36.181,0.0607,2.0505,14.3558,44.4453,5.9429,3.3431,9.1109,64.3375,24.1307,16.0634,0.30656,0.085475,0.071506,0.056703,0.08335
4281,can,2004,machinery,43.2621,53.4945,134.603,145.509,29.7789,10.8172,8.7423,1.2405,123.255,91.9336,118.444,14.1621,145.922,61.6768,615.713,17471.1,28.9157,3.6367,1175.01,312.896,74.2618,99.8042,60.0597,26.6187,188.11,89.7107,903.611,machinery,34.4024,47.8626,123.382,52.9942,4.7483,7.5386,3.5671,0.5182,121.8,79.3668,101.803,12.265,147.453,50.4338,526.422,14310.1,8.5103,0.0716,1.7825,7.9366,35.2687,13.804,3.0322,8.8741,55.04,13.7179,10.2792,0.356818,0.10978,0.106895,0.066762,0.096832
4284,can,2004,construction,136.638,48.6207,302.848,187.616,25.0465,8.7159,6.5517,0.8606,84.0685,92.5358,116.568,16.0933,90.6591,17.63,216.244,102.99,18.9141,2.9452,44354.5,531.475,249.874,66.8963,106.923,51.7947,515.918,97.9337,3916.04,construction,108.656,43.5019,277.601,68.3297,3.9937,6.0742,2.6733,0.3595,83.0757,79.8866,100.191,13.9375,91.6099,14.4162,184.884,84.3569,5.5667,0.058,67.2866,13.4809,118.671,9.2525,5.3982,17.2673,150.955,14.9753,44.5475,0.412666,0.000477,0.000537,0.006815,0.000531
4285,can,2004,distribution,684.828,324.638,931.171,2292.45,315.529,195.41,156.704,23.9761,1425.59,1131.6,1450.58,137.191,1027.57,349.931,3022.25,2053.95,523.498,20.9523,6369.42,80889.1,987.271,435.063,849.659,331.49,1807.06,1640.5,8464.34,distribution,544.582,290.46,853.544,834.91,50.3114,136.183,63.9397,10.0157,1408.75,976.914,1246.78,118.813,1038.35,286.142,2583.96,1682.34,154.073,0.4124,9.6625,2051.76,468.878,60.1737,42.8967,110.512,528.739,250.853,96.2874,0.591358,0.009651,0.015575,0.067258,0.012524
4286,can,2004,transport,215.961,109.365,426.908,883.004,91.2934,34.7544,22.2941,4.953,429.643,509.015,479.573,53.4931,365.386,99.0088,890.03,444.413,95.1022,2.6703,1417.95,1565.1,12133.4,250.637,250.679,89.9305,472.007,223.956,2409.76,transport,171.734,97.8505,391.319,321.59,14.5568,24.2206,9.0966,2.069,424.569,439.435,412.196,46.3274,369.218,80.9605,760.957,364.008,27.99,0.0526,2.1511,39.6987,5762.43,34.6657,12.656,29.9809,138.107,34.2456,27.4126,0.391043,0.038373,0.040949,0.042467,0.045365
4287,can,2004,communcation,135.984,58.8238,270.865,435.283,119.623,34.5692,39.8771,5.19,179.032,285.474,342.286,24.4235,134.734,56.8632,553.818,415.894,83.5191,3.7404,1035.0,3491.92,357.781,10240.0,1005.53,424.739,1407.49,442.569,3768.02,communcation,108.135,52.6308,248.285,158.53,19.074,24.0915,16.271,2.168,176.918,246.451,294.197,21.1518,136.147,46.4976,473.503,340.649,24.5809,0.0736,1.5701,88.5726,169.919,1416.3,50.7664,141.599,411.824,67.6742,42.8637,0.609593,0.00631,0.010496,0.020221,0.007947
4288,can,2004,finance,290.301,144.192,623.319,788.746,140.696,66.0626,57.9119,7.2711,443.273,418.981,536.477,42.8266,332.293,120.739,1086.5,643.997,117.418,4.3268,2106.51,4600.79,487.38,249.796,18941.5,2710.16,1278.17,484.48,4141.63,finance,230.85,129.011,571.356,287.261,22.4341,46.0396,23.6297,3.0374,438.038,361.708,461.106,37.0898,335.778,98.7296,928.933,527.483,34.5577,0.0852,3.1956,116.699,231.469,34.5493,956.302,903.509,373.986,74.083,47.1137,0.572688,0.004253,0.006647,0.030786,0.00559
4290,can,2004,obsict,727.67,360.502,2144.16,2164.34,716.721,168.255,152.004,21.39,930.497,1253.87,1940.7,144.067,858.24,288.019,4809.25,2397.74,366.956,14.6138,8666.92,12828.4,1586.52,1187.67,3046.4,1556.98,38238.0,2167.58,16068.5,obsict,578.651,322.548,1965.42,788.254,114.282,117.258,62.0218,8.9354,919.508,1082.47,1668.05,124.769,867.241,235.516,4111.81,1963.93,108.0,0.2876,13.1479,325.392,753.477,164.268,153.803,519.064,11188.3,331.45,182.79,0.601581,0.045608,0.074872,0.121276,0.058861
4292,can,2004,oservices,101.917,55.995,318.097,358.328,82.081,36.7629,19.6628,3.4565,146.74,250.21,382.598,20.9903,174.844,50.685,465.738,298.411,60.6074,6.5361,1037.59,1917.4,326.844,168.335,523.792,245.631,773.654,395.71,227109.0,oservices,81.0454,50.0998,291.579,130.503,13.0879,25.6204,8.023,1.4439,145.008,216.008,328.845,18.1785,176.678,41.4456,398.196,244.422,17.8376,0.1286,1.574,48.6348,155.226,23.2824,26.4447,81.8882,226.367,60.509,2583.51,0.677017,0.010284,0.018999,0.022823,0.013511
4295,che,2004,energy,26.5964,5.4212,1883.87,169.642,24.8556,24.5377,3.6326,2.9491,3.5619,100.515,368.05,23.5501,163.363,28.991,9.8014,371.136,21.8055,3.6221,129.057,263.756,553.047,39.9557,28.3085,24.3002,70.6691,60.9349,336.832,energy,7.9632,4.0675,1047.04,40.2526,6.9668,21.4977,3.3089,2.8372,3.0023,70.5763,365.858,18.9856,163.349,28.6288,7.5958,289.901,19.063,0.1299,0.3899,24.6048,258.737,7.0534,15.4098,9.9661,29.198,5.8575,11.9009,0.587429,0.010597,0.015519,0.021687,0.011002
4302,che,2004,paperpub,5.9235,2.454,6.0305,149.146,26.6725,7.0176,1.414,4.6426,4.1095,1870.15,297.593,8.6038,42.7074,20.7055,12.4822,373.351,42.2984,1.6311,92.3342,426.166,65.1506,70.0199,73.3719,71.4606,280.396,144.203,366.05,paperpub,1.7735,1.8412,3.3517,35.3893,7.476,6.1482,1.288,4.4665,3.4638,1313.12,295.821,6.9362,42.7038,20.4468,9.6734,291.631,36.9785,0.0585,0.279,39.7555,30.48,12.3607,39.9402,29.3076,115.85,13.8617,12.9332,0.417995,0.016911,0.017622,0.020923,0.018549
4308,che,2004,machinery,5.271,0.3086,2.1237,11.1981,1.1272,0.5353,0.2264,0.1479,0.4687,2.5589,19.5454,0.5254,25.6356,5.8224,28.9642,24107.2,7.8979,0.6477,183.711,74.8158,17.4142,25.5268,3.2279,3.2677,6.9131,7.5834,355.472,machinery,1.5782,0.2316,1.1803,2.6571,0.3159,0.469,0.2062,0.1423,0.395,1.7967,19.429,0.4235,25.6334,5.7497,22.4465,18830.6,6.9046,0.0232,0.5551,6.9793,8.1471,4.5063,1.7571,1.3401,2.8562,0.729,12.5595,0.36748,0.279803,0.25633,0.166862,0.273355
4311,che,2004,construction,30.3782,5.049,34.8132,88.6208,11.2902,8.9914,2.733,1.5864,6.91,27.1804,140.976,9.0338,53.1282,12.8337,14.7707,272.412,17.775,26.7656,15004.1,338.449,268.434,84.207,63.9187,67.0111,75.5006,140.002,2141.84,construction,9.0955,3.7882,19.3489,21.0279,3.1645,7.8775,2.4894,1.5262,5.8243,19.0846,140.137,7.2829,53.1237,12.6734,11.4469,212.786,15.5394,0.9602,45.3337,31.5727,125.584,14.8652,34.7943,27.4828,31.1942,13.4579,75.675,0.472925,0.000538,0.000634,0.008336,0.000577
4312,che,2004,distribution,169.452,14.7496,50.9771,1278.54,205.83,61.7337,34.5558,17.0882,46.4666,254.575,1396.81,65.5342,606.297,138.367,165.14,3601.97,159.132,13.8695,1433.37,30266.5,1112.56,277.381,112.954,141.482,570.659,358.434,2014.21,distribution,50.7352,11.0666,28.3327,303.371,57.6921,54.0854,31.4761,16.4398,39.1657,178.749,1388.49,52.8323,606.246,136.638,127.979,2813.57,139.118,0.4975,4.3308,2823.45,520.498,48.9664,61.487,58.0249,235.776,34.455,71.1656,0.616263,0.025262,0.03881,0.087082,0.032241
4313,che,2004,transport,33.7052,12.0287,39.1796,535.801,91.6274,9.4523,5.0027,5.5067,21.2036,153.156,679.258,34.3918,346.637,61.5626,26.8656,1312.76,74.2988,4.0588,613.901,1013.41,6851.03,82.139,42.886,38.0256,168.581,82.1002,544.284,transport,10.0916,9.0251,21.7758,127.135,25.6822,8.2812,4.5568,5.2978,17.8721,107.538,675.213,27.7259,346.608,60.7935,20.8201,1025.42,64.9541,0.1456,1.8549,94.5372,3205.18,14.5001,23.3451,15.5952,69.6516,7.892,19.2305,0.353076,0.042974,0.037826,0.0529,0.0453
4314,che,2004,communcation,12.6312,3.5646,11.3269,101.263,16.4182,9.0468,3.0312,2.9037,4.6221,52.2131,332.125,6.5094,69.9711,20.4729,23.8268,533.751,28.0066,4.0724,137.959,663.135,151.056,5274.24,203.009,235.833,360.109,304.158,687.915,communcation,3.7819,2.6745,6.2954,24.0277,4.6018,7.926,2.761,2.7935,3.8959,36.6612,330.147,5.2477,69.9652,20.2171,18.4651,416.923,24.4842,0.1461,0.4168,61.8615,70.67,931.068,110.508,96.7205,148.784,29.2376,24.3052,0.498159,0.00853,0.010594,0.021603,0.010167
4315,che,2004,finance,41.1367,8.2208,56.4682,400.289,66.31,28.0716,9.0791,6.5493,47.5429,68.4654,943.146,28.4128,536.971,125.414,80.2841,1530.36,96.6007,15.7272,516.631,1165.19,324.963,148.409,10601.6,496.758,578.515,301.183,4835.42,finance,12.3166,6.168,31.3847,94.9804,18.586,24.5938,8.2699,6.3008,40.073,48.0727,937.529,22.9058,536.926,123.848,62.218,1195.4,84.4511,0.5642,1.561,108.696,152.031,26.1988,5771.02,203.732,239.022,28.9517,170.844,0.633217,0.044432,0.070139,0.087628,0.060529
4316,che,2004,insurance,12.2085,2.5952,17.5462,51.8647,7.5014,3.4335,1.1125,4.5597,2.2608,11.7478,216.339,4.1254,37.5879,8.3011,8.4044,233.302,8.2748,2.5939,84.5412,282.221,214.404,11.726,143.124,8026.31,180.723,45.5328,286.176,insurance,3.6553,1.9471,9.7521,12.3065,2.1026,3.0081,1.0133,4.3867,1.9055,8.2486,215.05,3.3258,37.5847,8.1974,6.5132,182.237,7.2341,0.0931,0.2554,26.3274,100.307,2.07,77.9098,3291.77,74.6684,4.3769,10.1111,0.523049,0.029308,0.038216,0.036052,0.039845
4317,che,2004,obsict,59.8365,46.1961,85.6891,623.386,104.269,85.9303,21.8824,38.5198,52.994,286.668,3288.29,63.2291,590.045,175.153,309.246,3549.69,273.626,30.8908,1122.34,2382.31,868.296,404.46,1150.76,1728.93,14006.5,670.013,5428.07,obsict,17.9155,34.6607,47.6254,147.917,29.2255,75.2842,19.9322,37.0583,44.6676,201.283,3268.7,50.974,589.995,172.965,239.658,2772.73,239.212,1.1081,3.3911,222.237,406.223,71.3998,626.421,709.072,5786.98,64.406,191.783,0.524466,0.052049,0.068053,0.141456,0.061645
4318,che,2004,oconsumer,5.0584,2.0658,6.0333,126.374,22.2654,6.6366,1.7063,1.3211,4.1606,25.6034,134.39,4.478,48.3946,10.7715,16.3309,265.349,17.3096,1.7835,70.226,247.119,106.091,28.9637,84.0642,85.2104,293.991,5995.31,617.62,oconsumer,1.5145,1.55,3.3533,29.986,6.2408,5.8144,1.5543,1.271,3.5069,17.9773,133.59,3.6101,48.3906,10.6369,12.656,207.269,15.1326,0.064,0.2122,23.0528,49.6334,5.113,45.7606,34.9467,121.467,576.308,21.8216,0.499052,0.005621,0.006993,0.012167,0.00706
4319,che,2004,oservices,73.1692,15.9139,35.1649,203.809,25.6374,18.4848,6.7772,5.1161,7.3845,38.2766,566.459,10.2346,111.778,19.9237,53.313,793.013,91.9881,10.0517,568.763,1228.89,305.0,63.7499,99.5004,89.0066,283.535,153.141,94371.4,oservices,21.9074,11.9401,19.5444,48.3597,7.1859,16.1947,6.1732,4.922,6.2242,26.8757,563.086,8.2509,111.769,19.6748,41.3162,619.437,80.4186,0.3606,1.7185,114.638,142.691,11.2539,54.1633,36.5036,117.146,14.7209,3334.31,0.732276,0.026141,0.047721,0.047884,0.035159
4344,chl,2004,obsict,277.516,680.8,5.25,790.644,278.028,30.5953,60.3042,36.9372,210.118,127.885,286.268,9.8935,1056.55,34.8927,23.0899,54.7094,2.9335,60.3898,1168.58,1638.35,539.151,327.014,364.28,125.702,1058.36,227.491,1227.69,obsict,214.105,656.366,7.6041,355.358,116.206,9.8953,5.0262,3.8669,176.665,105.548,171.048,5.3011,1060.29,9.7857,21.2367,25.413,1.1715,0.86,0.6112,52.4274,304.523,31.5794,8.3546,26.7238,516.207,13.9325,14.3966,0.596878,0.019055,0.029456,0.138536,0.021788
4346,chl,2004,oservices,11.1036,14.8347,0.0907,18.8931,4.6211,0.43,0.9395,0.557,3.9874,3.363,5.6676,0.2225,18.6323,0.5249,0.6521,2.652,0.0534,0.8037,17.5401,39.2081,10.9293,4.1204,5.8824,12.2764,4.6767,22.4013,15926.6,oservices,8.5664,14.3023,0.1314,8.4916,1.9314,0.1391,0.0783,0.0583,3.3526,2.7756,3.3865,0.1192,18.6982,0.1472,0.5997,1.2319,0.0213,0.0114,0.0092,1.2547,6.1731,0.3979,0.1349,2.6099,2.281,1.372,186.764,0.730656,0.006507,0.012314,0.00938,0.008065
4347,chn,2004,primaryagr,79336.2,533.435,287.904,46008.5,4145.48,7446.15,6801.35,9156.0,1077.86,300.386,3039.2,229.469,378.813,555.492,1773.07,6392.19,3705.1,22.9633,7912.98,8178.51,1386.01,161.989,114.119,240.206,1339.85,1374.95,6463.28,primaryagr,5501.74,118.243,127.908,6281.64,183.925,7667.36,5250.24,6823.01,698.154,265.781,2254.89,205.549,398.842,417.629,442.466,4289.65,2671.02,0.6867,29.4312,1129.33,571.9,8.7094,4.5166,21.5877,169.115,102.257,82.9009,0.651566,0.010159,0.028006,0.094403,0.013426
4348,chn,2004,otherprim,768.178,9827.42,301.135,5521.14,301.928,384.127,534.87,736.183,2824.99,102.529,1839.6,581.245,2076.09,1581.63,2451.07,10628.3,960.778,16.3076,16006.9,2528.69,394.135,102.619,42.3835,85.1561,451.758,435.858,2930.97,otherprim,53.271,2178.37,133.786,753.813,13.3958,395.539,412.888,548.6,1829.81,90.7178,1364.86,520.658,2185.86,1189.1,611.659,7132.41,692.629,0.4877,59.5354,349.174,162.63,5.5174,1.6775,7.6531,57.0206,32.4154,37.5939,0.529236,0.005492,0.012297,0.042993,0.006666
4349,chn,2004,energy,2095.14,598.12,16694.5,2950.92,569.824,1694.75,2057.1,1101.38,897.657,245.993,4317.65,763.108,1488.56,1600.7,3258.05,12660.0,1106.41,178.554,17696.6,2421.4,3566.12,331.6,147.684,265.401,1013.25,1001.0,7242.25,energy,145.292,132.581,7416.88,402.896,25.2817,1745.09,1587.96,820.745,581.433,217.654,3203.41,683.564,1567.27,1203.44,813.04,8495.84,797.614,5.3396,65.82,334.359,1471.47,17.8287,5.8451,23.852,127.892,74.4457,92.8922,0.286741,0.022314,0.027072,0.066199,0.022088
4350,chn,2004,procfoods,2144.35,143.626,47.7718,23393.3,572.175,319.731,420.225,1696.47,153.628,20.0907,405.547,35.0864,65.6328,91.9455,301.974,1038.68,248.263,3.5933,1204.13,2239.22,172.456,30.4999,18.6467,43.6422,182.471,214.112,1049.26,procfoods,148.705,31.8365,21.2236,3193.94,25.386,329.23,324.389,1264.2,99.5085,17.7763,300.889,31.4291,69.103,69.1264,75.3569,697.036,178.974,0.1075,4.4786,309.202,71.1597,1.6398,0.738,3.9222,23.0313,15.9238,13.4582,0.156589,0.02246,0.014881,0.015119,0.027195
4351,chn,2004,bevtobacco,81.2177,32.1841,84.3596,257.174,6498.78,170.246,241.622,131.983,92.9064,14.919,231.428,37.7995,66.0724,106.188,320.61,1248.41,115.3,5.3715,1459.07,1297.57,179.295,35.5366,26.565,38.9524,146.268,423.474,929.938,bevtobacco,5.6322,7.134,37.4785,35.1126,288.335,175.303,186.518,98.3531,60.1776,13.2003,171.704,33.8594,69.5658,79.8338,80.0075,837.779,83.1205,0.1606,5.4268,179.175,73.9816,1.9106,1.0514,3.5007,18.4619,31.4945,11.9278,0.294544,0.001295,0.001614,0.005348,0.001557
4352,chn,2004,textiles,82.8284,45.2294,62.3433,177.989,56.8706,12738.2,9844.52,1134.13,240.607,43.8321,429.082,55.213,69.3745,118.018,360.36,1345.09,1062.18,5.5173,1419.35,385.475,151.88,27.1498,19.7268,35.4324,232.181,291.914,1250.34,textiles,5.7439,10.0257,27.6973,24.3012,2.5232,13116.6,7599.38,845.152,155.846,38.7826,318.351,49.4578,73.0425,88.7279,89.9269,902.661,765.727,0.165,5.2791,53.2284,62.6693,1.4597,0.7808,3.1844,29.3057,21.7101,16.0373,0.170407,0.066538,0.047974,0.050193,0.06935
4355,chn,2004,lumber,58.6925,30.8973,66.4319,130.874,40.24,64.349,128.137,68.9473,9420.62,37.8313,115.576,49.9469,42.2164,220.71,510.756,948.111,448.957,4.2467,3095.99,237.748,89.747,22.6251,12.0201,29.1116,94.6617,231.478,1834.73,lumber,4.0702,6.8488,29.5138,17.8685,1.7854,66.2607,98.9144,51.3792,6101.95,33.4731,85.7495,44.7406,44.4486,165.934,127.458,636.255,323.655,0.127,11.5151,32.8295,37.0318,1.2165,0.4757,2.6163,11.9481,17.2154,23.5331,0.228215,0.027475,0.02653,0.016475,0.030375
4356,chn,2004,paperpub,170.435,53.3176,98.8126,614.638,480.071,338.742,667.458,357.977,277.923,1526.65,514.368,138.662,74.2373,196.173,474.27,2386.85,486.407,8.4215,2245.13,834.672,205.966,90.3052,104.104,213.791,830.63,582.553,3231.91,paperpub,11.8192,11.8185,43.8996,83.9179,21.2996,348.805,515.237,266.763,180.017,1350.78,381.628,124.208,78.1624,147.487,118.353,1601.76,350.653,0.2518,8.3505,115.256,84.9865,4.8553,4.1203,19.2137,104.841,43.3254,41.4539,0.218976,0.006156,0.005703,0.01252,0.006557
4357,chn,2004,chemicals,1959.82,373.756,358.147,2395.65,561.307,1846.63,2126.75,1803.44,1259.88,248.77,19442.4,420.355,351.347,767.831,2959.38,11808.8,1697.78,51.6926,10829.9,1361.9,656.021,129.067,78.2966,139.101,878.867,1253.05,9781.19,chemicals,135.908,82.8477,159.114,327.083,24.9038,1901.48,1641.72,1343.92,816.053,220.112,14425.0,376.539,369.924,577.27,738.507,7924.59,1223.94,1.5458,40.2801,188.058,270.69,6.9394,3.0988,12.5012,110.93,93.1915,125.458,0.201841,0.064933,0.055453,0.068433,0.064447
4358,chn,2004,nonmetmin,114.182,120.445,145.929,348.739,178.728,130.453,175.677,117.659,216.191,15.6542,362.977,4043.59,213.576,295.604,680.486,3732.05,320.033,7.2867,30627.3,249.465,152.412,37.5328,12.6355,23.0937,126.514,155.538,1443.83,nonmetmin,7.9182,26.698,64.8319,47.6141,7.9297,134.328,135.612,87.6786,140.032,13.8509,269.306,3622.1,224.869,222.241,169.814,2504.49,230.713,0.2179,113.914,34.4474,62.8891,2.018,0.5001,2.0755,15.9685,11.5676,18.5192,0.284279,0.014995,0.018036,0.016874,0.016809
4359,chn,2004,metals,218.156,170.929,478.556,457.12,129.323,244.019,361.198,256.859,537.687,47.2125,682.164,226.133,5738.52,3485.52,5152.46,23143.4,1159.08,20.9683,22117.9,539.46,534.093,153.319,39.5561,59.3935,505.384,361.239,2091.83,metals,15.1285,37.8885,212.608,62.4116,5.7377,251.268,278.823,191.41,348.272,41.7736,506.122,202.561,6041.93,2620.48,1285.78,15531.0,835.583,0.6271,82.2644,74.4914,220.38,8.2433,1.5656,5.3378,63.7892,26.8659,26.8307,0.183151,0.030748,0.023828,0.059838,0.032313
4360,chn,2004,fabmetals,124.134,90.2762,157.559,296.053,83.5946,117.753,195.477,164.681,308.557,25.0848,323.66,130.008,145.593,7398.02,889.598,5424.67,493.524,20.3667,5421.38,227.819,169.803,45.037,18.4017,25.749,290.458,151.444,993.501,fabmetals,8.6083,20.0108,69.9987,40.4208,3.7089,121.251,150.897,122.72,199.86,22.195,240.135,116.457,153.291,5561.97,221.997,3640.37,355.783,0.6091,20.164,31.4584,70.065,2.4214,0.7283,2.3141,36.6614,11.2631,12.7431,0.206393,0.033433,0.029196,0.023205,0.035047
4361,chn,2004,transpequip,122.128,97.9701,153.754,277.427,62.0263,130.145,208.389,117.336,141.267,24.9284,236.732,58.9133,111.614,190.488,24045.7,1995.22,201.051,12.6346,2257.95,652.076,1049.58,84.4201,28.7196,64.0996,366.133,444.653,1527.62,transpequip,8.4693,21.7163,68.3086,37.8777,2.752,134.012,160.863,87.4384,91.502,22.0566,175.64,52.7723,117.515,143.212,6000.56,1338.94,144.939,0.3778,8.3981,90.042,433.081,4.5389,1.1367,5.7607,46.213,33.0696,19.594,0.177033,0.034063,0.025515,0.019102,0.032346
4362,chn,2004,machinery,362.927,302.539,818.481,721.717,173.412,475.864,677.092,381.417,408.319,62.2066,878.105,209.692,430.905,771.819,4406.32,102513.0,541.457,27.9034,10614.3,1031.09,795.093,544.63,98.4192,107.508,1266.52,671.657,3870.52,machinery,25.168,67.0616,363.628,98.5377,7.6939,490.0,522.674,284.23,264.478,55.0403,651.497,187.834,453.688,580.268,1099.59,68794.1,390.339,0.8344,39.4785,142.379,328.075,29.2824,3.8953,9.6619,159.859,49.9522,49.6449,0.179876,0.399735,0.304228,0.155173,0.34317
4363,chn,2004,othermanuf,153.041,104.914,144.813,405.188,137.779,305.16,480.503,235.062,272.863,196.618,480.29,185.276,663.949,641.974,1052.91,5984.44,22284.5,8.5986,5020.67,426.037,219.539,64.0022,52.2599,155.118,375.041,356.35,2080.29,othermanuf,10.613,23.2554,64.3362,55.3212,6.1129,314.225,370.92,175.167,176.74,173.968,356.344,165.963,699.054,482.649,262.752,4016.01,16065.0,0.2571,18.6737,58.8294,90.5873,3.4411,2.0684,13.9407,47.3374,26.5023,26.6827,0.42226,0.050544,0.090303,0.048952,0.059416
4365,chn,2004,construction,20.9204,6.0818,16.7676,37.4973,9.4408,16.7537,29.7113,17.4031,12.4544,1.9735,28.3777,5.3853,9.1771,13.2714,42.7885,158.203,13.9804,1.9424,104675.0,134.016,72.8812,27.4229,8.3589,18.2557,57.3604,103.703,1296.49,construction,1.4508,1.3481,7.4494,5.1196,0.4189,17.2515,22.9353,12.9687,8.067,1.7462,21.0544,4.824,9.6623,9.9777,10.6778,106.166,10.0785,0.0581,389.325,18.5056,30.0726,1.4744,0.3308,1.6407,7.24,7.7126,16.6293,0.250036,0.002217,0.002346,0.001495,0.002453
4366,chn,2004,distribution,1331.6,384.615,690.023,3104.7,729.819,1191.6,1928.42,1297.86,969.234,152.067,1792.33,388.893,606.432,1140.26,3766.78,13803.2,1151.82,44.9745,15314.2,58734.9,1883.37,576.53,308.674,869.793,1678.79,1438.3,11871.0,distribution,92.3429,85.2547,306.557,423.892,32.3803,1227.0,1488.62,967.157,627.795,134.548,1329.79,348.356,638.496,857.273,939.99,9263.0,830.349,1.3449,56.9591,8110.42,777.123,30.9975,12.2168,78.1696,211.896,106.968,152.262,0.490046,0.02247,0.04659,0.060152,0.02857
4367,chn,2004,transport,1237.97,596.293,835.549,3155.58,726.841,1177.79,2111.61,1167.0,1196.25,156.346,2094.97,522.712,715.795,1080.69,2891.38,11599.7,1127.68,37.6913,26649.6,5307.69,33139.5,322.743,200.054,491.463,1218.19,1027.01,7163.36,transport,85.8496,132.176,371.21,430.838,32.2482,1212.78,1630.03,869.642,774.836,138.335,1554.33,468.226,753.641,812.487,721.537,7784.31,812.947,1.1271,99.1196,732.913,13674.2,17.3525,7.9178,44.1686,153.76,76.3807,91.8803,0.497714,0.03566,0.075097,0.069141,0.043381
4368,chn,2004,communcation,342.998,89.834,219.757,534.911,117.134,258.229,526.079,294.375,198.863,26.0124,462.937,71.2248,285.756,272.463,640.26,3200.19,246.497,14.603,6796.99,1183.13,627.68,13686.3,190.697,488.763,576.595,364.238,4710.82,communcation,23.786,19.9128,97.6316,73.0326,5.197,265.9,406.102,219.367,128.808,23.0157,343.469,63.8006,300.865,204.843,159.775,2147.57,177.701,0.4367,25.2805,163.373,258.996,735.851,7.5474,43.9259,72.7775,27.089,60.423,0.660096,0.001574,0.004395,0.012506,0.001952
4369,chn,2004,finance,922.489,330.483,1146.41,2108.57,453.427,1327.17,1901.14,962.112,851.934,138.298,1784.05,475.757,616.984,831.594,2280.19,11731.8,945.783,133.883,11827.2,4252.64,2444.31,282.702,17535.7,540.736,1580.88,1072.24,8846.43,finance,63.972,73.2558,509.316,287.888,20.1174,1366.59,1467.56,716.961,551.817,122.366,1323.65,426.166,649.606,625.209,569.015,7872.93,681.819,4.0037,43.9897,587.226,1008.58,15.1996,694.031,48.5968,199.538,79.7442,113.468,0.794476,0.001193,0.004012,0.041551,0.001637
4371,chn,2004,obsict,1067.99,256.377,446.142,1802.06,521.255,1167.82,2118.03,987.074,522.454,76.5211,1199.51,173.402,272.686,475.247,2090.83,7860.51,681.138,26.3,6838.66,3831.3,733.867,372.559,576.364,597.012,25362.5,848.018,5498.02,obsict,74.0619,56.8291,198.208,246.039,23.1268,1202.51,1634.99,735.563,338.405,67.7058,889.957,155.327,287.104,357.3,521.762,5275.0,491.035,0.7865,25.4355,529.045,302.811,20.0309,22.8114,53.6544,3201.24,63.0684,70.5199,0.48528,0.008964,0.018405,0.034782,0.010449
4372,chn,2004,oconsumer,281.655,107.838,292.802,512.196,128.187,227.028,395.893,268.24,174.079,28.8511,394.806,87.9339,138.913,198.736,532.615,2047.72,197.023,25.2611,2892.1,1501.52,874.394,158.697,90.6534,243.009,526.781,20489.9,4402.35,oconsumer,19.532,23.9037,130.084,69.9313,5.6873,233.772,305.606,199.891,112.755,25.5275,292.92,78.7679,146.258,149.413,132.913,1374.18,142.035,0.7554,10.7568,207.337,360.796,8.5324,3.5879,21.8396,66.4899,1523.86,56.4664,0.462396,0.004471,0.008747,0.011777,0.005296
4373,chn,2004,oservices,588.57,177.089,310.528,874.935,208.678,414.102,806.547,508.221,314.511,59.9354,641.237,125.368,170.073,345.223,1160.71,4123.44,356.948,105.767,3838.58,1848.94,684.88,218.68,268.337,533.071,665.649,798.231,220667.0,oservices,40.8157,39.2541,137.959,119.457,9.2585,426.404,622.606,378.724,203.716,53.0308,475.756,112.3,179.065,259.545,289.652,2767.14,257.326,3.1629,14.2771,255.311,282.599,11.7575,10.6203,47.9079,84.0178,59.3657,2830.38,0.598135,0.006616,0.016744,0.02059,0.008297
4398,civ,2004,obsict,210.227,57.9854,75.0815,176.733,34.2523,9.741,25.2938,9.6018,42.2862,14.971,72.1262,4.4709,14.5432,13.2683,44.1451,42.7695,46.499,0.2601,121.754,-10.0685,127.466,47.7799,10.1104,11.8144,902.9,16.0315,122.707,obsict,92.0913,12.6046,60.7989,100.125,3.2316,2.796,0.5994,2.5507,41.9156,4.3398,41.9337,3.0994,12.7697,5.979,48.4586,44.0313,1.3638,0.0072,2.6532,0.5235,32.2108,15.4479,3.4833,5.159,198.673,0.3931,11.8655,0.809375,0.032121,0.067368,0.133426,0.037853
4400,civ,2004,oservices,0.0174,0.0029,0.0037,0.0139,0.0028,0.0014,0.0022,0.0012,0.003,0.0014,0.0178,0.0009,0.0008,0.0005,0.0061,0.0076,0.005,0.0,0.0056,-0.001,0.0051,0.002,0.0009,0.0008,0.0093,0.002,1027.68,oservices,0.0076,0.0006,0.003,0.0079,0.0003,0.0004,0.0001,0.0003,0.003,0.0004,0.0104,0.0006,0.0007,0.0002,0.0067,0.0078,0.0001,0.0,0.0001,0.0001,0.0013,0.0006,0.0003,0.0004,0.0021,0.0,99.3741,0.685845,0.020173,0.035853,0.01771,0.022043
4427,cmr,2004,oservices,1.0113,0.3886,1.1772,1.4847,0.5213,0.0547,0.1487,0.0387,0.5187,0.0425,0.6424,0.0281,0.1841,0.0149,0.199,0.9088,0.1562,0.0563,0.858,1.3271,4.5745,0.1042,0.0301,0.0914,2.8858,0.709,1209.06,oservices,0.2221,0.1299,0.999,0.0803,0.0166,0.0034,0.0028,0.0026,0.5639,0.0039,0.24,0.0164,0.1675,0.0118,0.0103,0.0369,0.0044,0.0008,0.0021,0.0972,2.0387,0.032,0.011,0.054,0.5481,0.0692,43.3471,0.605227,0.01915,0.024578,0.015505,0.019742
4452,col,2004,obsict,146.432,10.2098,182.013,575.212,154.165,81.8989,475.406,79.6101,10.039,132.576,371.338,36.1061,129.918,38.0944,139.068,105.484,134.408,72.2947,1165.2,1952.36,283.124,514.101,303.321,98.296,8451.89,291.113,2069.55,obsict,67.3042,2.4524,149.765,77.6883,7.6969,56.7344,130.232,21.9224,8.1369,64.0147,173.659,35.635,131.816,18.8419,41.2944,45.5964,18.4564,0.6462,0.3332,24.2085,58.9639,30.3559,6.9599,1.9116,201.025,11.0169,17.7962,0.797064,0.012104,0.019574,0.083777,0.013369
4454,col,2004,oservices,4.2229,0.143,2.784,11.6973,2.8127,1.3045,6.0724,1.3784,0.146,1.6439,7.6094,0.3459,1.8226,0.5313,1.6026,1.3078,2.3539,2.1681,13.0056,42.5644,5.2581,9.0588,5.4335,1.0274,17.5788,11.1383,14944.3,oservices,1.941,0.0343,2.2908,1.5798,0.1404,0.9037,1.6634,0.3796,0.1183,0.7938,3.5586,0.3414,1.8493,0.2628,0.4759,0.5653,0.3232,0.0194,0.0037,0.5278,1.0951,0.5349,0.1247,0.02,0.4181,0.4215,128.506,0.621192,0.009951,0.012542,0.008882,0.01054
4481,cri,2004,oservices,0.424,0.0393,0.1338,0.8606,0.0691,0.1132,0.3798,0.0519,0.0409,0.1315,0.4905,0.0395,0.0414,0.0945,0.0319,1.2682,0.2381,0.0213,0.5246,0.6681,0.236,0.0768,0.0331,0.024,1.96,6.5726,2297.48,oservices,0.358,0.0332,0.0334,0.2875,0.0068,0.0696,0.2587,0.039,0.0264,0.0561,0.3188,0.0283,0.0414,0.0251,0.0051,1.2111,0.0442,0.0028,0.0006,0.128,0.1837,0.0176,0.0072,0.0038,1.1267,1.9262,155.133,0.777975,0.016897,0.035321,0.021334,0.023982
4506,cyp,2004,obsict,1.4945,2.0126,0.1462,53.3122,2.9583,3.8765,26.1204,4.6139,0.2403,7.1509,22.5325,0.8906,2.8232,0.5342,3.189,10.382,7.4771,1.5673,71.4851,169.66,43.0129,2.2573,9.514,21.0343,2090.06,39.6067,241.152,obsict,0.5193,0.7733,0.0114,5.1156,2.483,1.5911,7.9941,1.262,0.3081,3.2112,19.2751,0.4582,3.3249,0.4481,3.5576,9.0155,3.9285,0.3044,4.2989,57.8069,38.9936,0.8853,7.8764,10.6446,1226.42,17.4288,36.7004,0.751189,0.208014,0.323817,0.306404,0.290942
4508,cyp,2004,oservices,0.2511,0.0777,0.0107,1.7618,0.089,0.0949,0.7021,0.0846,0.0184,0.1503,0.5627,0.0547,0.0705,0.0279,0.4361,0.5471,0.2018,0.0796,2.1582,15.2567,15.0729,0.1805,1.99,0.9717,5.7298,0.6603,3456.95,oservices,0.0872,0.0299,0.0008,0.1691,0.0747,0.0389,0.2149,0.0231,0.0236,0.0675,0.4813,0.0282,0.083,0.0234,0.4865,0.4751,0.106,0.0155,0.1298,5.1983,13.6644,0.0708,1.6475,0.4918,3.3622,0.2906,526.105,0.700248,0.099406,0.144252,0.11577,0.12744
4533,cze,2004,obsict,42.4494,18.813,105.169,450.841,191.91,80.0492,80.1514,18.2118,79.4027,122.766,239.112,102.543,122.324,140.609,529.813,1050.35,46.9969,40.8741,923.36,902.764,729.982,142.414,290.714,151.453,5959.07,383.599,1362.04,obsict,16.3599,13.5365,84.2224,81.8166,33.0224,68.179,47.4872,9.8374,79.0906,95.6007,226.13,100.336,127.456,138.434,437.465,898.238,24.7348,2.4381,6.8762,65.6544,299.79,27.7688,49.9213,13.3353,1193.63,67.2661,10.6667,0.470736,0.029852,0.048918,0.112878,0.042562
4535,cze,2004,oservices,5.5664,2.5508,23.1424,43.7615,18.4508,10.9737,5.2376,1.8737,14.8845,12.9043,34.2166,10.9847,16.3586,14.6144,38.6957,93.837,5.3468,16.1026,112.742,52.7216,73.4404,10.6704,46.4708,11.6813,89.4593,55.3757,14210.1,oservices,2.1453,1.8353,18.5332,7.9416,3.1749,9.3465,3.1031,1.0121,14.826,10.0488,32.3589,10.7483,17.0449,14.3883,31.9509,80.2471,2.814,0.9605,0.8396,3.8342,30.1606,2.0806,7.98,1.0285,17.9191,9.7104,111.286,0.618154,0.00258,0.005553,0.011967,0.003894
4536,deu,2004,primaryagr,7661.9,4.6823,-6.6741,13369.5,2244.97,394.622,69.771,33.4491,7.8236,22.4249,202.525,7.1156,16.8776,16.474,112.321,139.745,24.5197,2.7112,92.285,446.833,62.8215,11.0269,14.3563,30.7733,433.626,28.3651,1457.13,primaryagr,3595.39,3.9672,4.0486,3210.31,303.235,307.902,29.126,19.0008,6.3187,10.5959,174.039,5.0382,17.0056,10.4503,80.5479,104.522,5.3814,0.0462,2.9138,19.1636,33.2262,1.2157,1.5734,4.4006,58.1398,1.5799,27.4981,0.546928,0.006582,0.009861,0.011304,0.007879
4538,deu,2004,energy,184.609,81.0487,-6844.83,1927.96,1195.72,446.892,224.095,109.522,408.568,1340.7,9588.58,640.974,2518.53,693.871,3964.27,4016.12,864.955,328.733,2273.57,1833.31,9660.14,619.102,370.249,478.882,2309.36,1001.88,7293.77,energy,86.6289,68.6714,4152.12,462.946,161.51,348.686,93.5486,62.2144,329.979,633.487,8239.91,453.844,2537.64,440.155,2842.86,3003.85,189.835,5.6077,71.7842,78.6263,5109.23,68.2558,40.5788,68.4809,309.635,55.8017,137.643,0.315686,0.010773,0.009317,0.042273,0.009113
4539,deu,2004,procfoods,198.651,0.7863,-4.1166,42090.6,471.886,23.6845,14.5207,72.0929,4.6256,11.1255,135.795,3.9633,11.2036,12.043,73.0188,92.5556,17.8656,1.1676,49.1394,734.395,58.6834,4.7589,6.0678,10.7959,79.6306,22.3307,1080.53,procfoods,93.2182,0.6662,2.4972,10106.9,63.7391,18.4797,6.0617,40.9525,3.7358,5.2568,116.695,2.8062,11.2886,7.6394,52.3633,69.2267,3.921,0.0199,1.5515,31.4964,31.0375,0.5247,0.665,1.5438,10.6767,1.2438,20.3912,0.318702,0.029332,0.025608,0.015057,0.031896
4545,deu,2004,paperpub,30.0399,7.5506,-27.0074,1129.58,709.75,92.4455,306.162,175.543,44.8326,24796.3,1290.43,53.6148,132.87,186.346,1170.26,1897.05,613.458,10.0735,604.963,832.661,206.2,288.849,141.121,220.104,1946.11,245.214,2776.95,paperpub,14.0964,6.3975,16.3829,271.238,95.8682,72.1303,127.808,99.7174,36.209,11716.3,1108.93,37.9622,133.878,118.208,839.218,1418.89,134.638,0.1718,19.1007,35.7108,109.059,31.8456,15.4666,31.4752,260.931,13.6577,52.405,0.39773,0.024451,0.02664,0.023656,0.027388
4546,deu,2004,chemicals,73.5116,11.15,-25.7899,418.185,185.424,546.808,102.193,130.078,100.233,394.199,59651.5,67.3362,124.923,200.97,3435.78,2663.71,335.654,9.2071,2400.23,230.344,108.356,27.7904,23.5603,47.7893,519.918,143.84,1940.75,chemicals,34.4957,9.4473,15.6443,100.416,25.0459,426.645,42.6605,73.891,80.9532,186.261,51261.3,47.6776,125.871,127.485,2463.87,1992.32,73.6673,0.1571,75.7836,9.8789,57.3094,3.0639,2.5822,6.8339,69.7096,8.0115,36.6247,0.330562,0.142606,0.129134,0.080679,0.137531
4547,deu,2004,nonmetmin,46.0956,12.0291,-26.0778,257.305,100.986,106.281,26.5298,11.2891,56.2627,44.1263,329.32,7032.83,160.31,107.149,926.643,1214.79,186.893,13.065,7369.82,111.352,102.715,37.3748,22.5622,50.6318,585.844,66.302,702.841,nonmetmin,21.6306,10.192,15.8189,61.7847,13.6405,82.925,11.0749,6.4128,45.4404,20.8498,283.0,4979.62,161.526,67.9695,664.515,908.597,41.0181,0.2229,232.69,4.7756,54.3257,4.1206,2.4728,7.2404,78.5489,3.6928,13.2636,0.405669,0.011485,0.012763,0.010968,0.012556
4549,deu,2004,fabmetals,37.9611,10.0116,-43.2272,525.385,176.214,67.646,49.2703,115.613,73.2359,69.4268,908.315,51.3183,321.838,22353.5,8696.37,9318.25,1104.4,17.892,5172.85,258.084,192.427,40.0927,26.1058,56.7759,641.881,61.2816,1895.36,fabmetals,17.8135,8.4826,26.2219,126.157,23.8018,52.7805,20.568,65.6741,59.1488,32.8044,780.557,36.3361,324.28,14179.9,6236.35,6969.56,242.388,0.3052,163.325,11.0686,101.774,4.4202,2.8612,8.119,86.0622,3.4132,35.7681,0.444666,0.028783,0.035061,0.041663,0.03078
4550,deu,2004,transpequip,16.5652,1.424,-5.9096,73.8095,24.8489,21.1741,12.2268,2.2325,8.2321,14.1554,118.858,9.8139,27.9852,51.0743,85106.0,736.89,39.743,2.8394,100.416,160.917,222.067,8.9598,7.5855,14.7152,201.357,13.1659,627.187,transpequip,7.7733,1.2065,3.5848,17.7233,3.3564,16.521,5.1041,1.2682,6.6486,6.6885,102.141,6.9488,28.1975,32.3988,61031.3,551.154,8.7226,0.0484,3.1705,6.9013,117.451,0.9878,0.8314,2.1043,26.9976,0.7333,11.8359,0.246577,0.207711,0.140301,0.087211,0.183579
4551,deu,2004,machinery,109.258,19.0564,-156.19,471.856,209.92,129.046,94.8737,34.1444,59.1263,136.711,893.163,82.5892,286.302,445.187,7955.98,169196.0,272.862,64.7296,4901.32,397.652,391.965,120.564,49.5991,99.73,919.374,123.882,4815.67,machinery,51.2699,16.1462,94.7457,113.303,28.3546,100.688,39.6052,19.3958,47.7532,64.5966,767.536,58.4776,288.474,282.403,5705.4,126550.0,59.8862,1.1042,154.751,17.0543,207.31,13.2922,5.436,14.2615,123.268,6.8999,90.8784,0.390156,0.286668,0.306385,0.18978,0.2829
4553,deu,2004,water,72.8008,5.3236,-19.3463,364.522,150.794,40.5734,21.5139,9.9226,13.8883,86.7048,158.148,38.6224,119.936,86.7253,319.213,318.135,58.3189,3320.69,220.478,102.398,52.287,11.5097,12.2667,29.791,202.26,118.36,896.891,water,34.1622,4.5106,11.7356,87.53,20.3682,31.6573,8.981,5.6366,11.2168,40.9684,135.904,27.3467,120.846,55.014,228.914,237.948,12.7995,56.6457,6.9613,4.3916,27.6545,1.2689,1.3444,4.2602,27.1186,6.5923,16.9256,0.575028,0.000102,0.000161,0.001728,0.000121
4554,deu,2004,construction,96.2668,16.4864,-143.076,797.764,500.24,150.333,118.046,38.9618,105.589,347.334,1056.59,150.932,412.768,267.448,1584.93,1834.66,292.099,80.85,91307.0,671.428,763.107,315.168,227.71,525.754,5915.88,425.733,5842.86,construction,45.1738,13.9686,86.7906,191.561,67.5691,117.297,49.2785,22.1324,85.2786,164.117,907.976,106.868,415.899,169.655,1136.59,1372.23,64.1081,1.3792,2882.87,28.7959,403.606,34.7472,24.9567,75.1835,793.19,23.7121,110.263,0.43435,0.006593,0.007845,0.013215,0.007199
4555,deu,2004,distribution,224.096,59.274,-380.186,3167.29,1587.22,851.378,1750.57,282.572,646.022,927.371,4279.31,411.042,1269.32,1739.78,8371.06,9962.56,2814.46,117.246,3736.34,178717.0,5742.77,538.651,796.152,1383.06,3424.64,1382.62,8675.67,distribution,105.158,50.2219,230.623,760.537,214.391,664.285,730.779,160.516,521.758,438.187,3677.41,291.039,1278.96,1103.63,6003.07,7451.47,617.701,2.0,117.969,7664.74,3037.34,59.3862,87.257,197.78,459.17,77.0075,163.722,0.717088,0.009956,0.019557,0.050871,0.012779
4556,deu,2004,transport,101.793,91.4737,-186.306,3219.24,1409.07,273.681,216.911,89.0648,365.316,1045.75,2915.5,605.315,1148.21,774.345,6074.75,6592.68,1077.84,50.6723,2607.02,3022.33,44373.6,858.328,203.669,259.482,1716.86,478.157,4347.66,transport,47.7669,77.5043,113.014,773.012,190.328,213.539,90.55,50.5935,295.046,494.12,2505.42,428.596,1156.92,491.204,4356.34,4930.98,236.558,0.8644,82.3125,129.62,23469.1,94.6305,22.3218,37.1063,230.193,26.6319,82.0465,0.328308,0.056168,0.050515,0.057145,0.058811
4557,deu,2004,communcation,50.5667,11.903,-110.5,855.334,350.437,162.654,147.804,43.9444,139.669,845.033,1443.74,148.133,261.762,490.915,2295.58,3539.57,310.491,34.0104,1707.61,1357.75,1044.8,21338.5,710.239,1089.62,2194.53,1277.77,5181.04,communcation,23.7287,10.0853,67.0302,205.385,47.3346,126.91,61.701,24.9627,112.803,399.281,1240.67,104.886,263.748,311.411,1646.21,2647.41,68.1448,0.5802,53.9152,58.2306,552.591,2352.56,77.8411,155.817,294.238,71.1682,97.7734,0.518857,0.00392,0.005571,0.01558,0.004758
4558,deu,2004,finance,287.972,32.9856,-204.374,2235.52,913.67,306.907,253.129,58.7326,292.085,809.324,2150.06,274.214,548.666,650.896,4105.56,4647.86,698.089,63.3713,3944.71,1926.21,1512.59,582.708,25112.2,6701.81,9367.89,1053.11,10025.4,finance,135.133,27.9482,123.975,536.799,123.412,239.463,105.669,33.3632,235.902,382.409,1847.65,194.158,552.829,412.894,2944.19,3476.35,153.212,1.081,124.548,82.6103,800.005,64.2434,2752.26,958.368,1256.03,58.6549,189.193,0.503201,0.004374,0.006029,0.025055,0.005517
4559,deu,2004,insurance,44.5267,5.9671,-46.6339,316.744,126.078,30.7214,26.0474,12.0334,47.0231,125.737,344.33,45.4377,81.0053,73.4916,484.465,453.543,103.802,13.8472,421.028,198.659,523.982,61.9039,345.066,13282.3,792.678,103.43,1460.88,insurance,20.8944,5.0558,28.2884,76.0573,17.0298,23.9702,10.8735,6.8356,37.9781,59.4111,295.899,32.1723,81.6199,46.6193,347.42,339.227,22.7818,0.2362,13.2933,8.52,277.133,6.8249,37.8187,1899.39,106.281,5.7607,27.5688,0.25044,0.006878,0.004718,0.005394,0.008367
4560,deu,2004,obsict,2004.98,387.679,-1672.2,18644.0,8380.73,2459.78,1917.85,660.776,1924.26,7216.91,23146.5,2225.45,4226.52,4323.39,37313.4,42907.9,6386.89,641.181,26565.7,18010.9,11604.9,5022.32,6976.4,16035.5,276536.0,5671.29,50168.0,obsict,940.848,328.474,1014.37,4476.83,1132.01,1919.24,800.608,375.355,1554.13,3410.02,19890.8,1575.74,4258.59,2742.54,26758.2,32092.9,1401.76,10.9375,838.769,772.442,6137.83,553.71,764.602,2293.1,37077.4,315.874,946.74,0.672551,0.047202,0.086963,0.217155,0.06005
4561,deu,2004,oconsumer,78.3272,17.9085,-94.3266,988.814,686.669,92.1766,89.002,35.3612,135.505,1796.04,1205.53,99.5176,233.649,216.08,2444.41,2064.06,313.872,74.7336,1072.95,871.537,465.534,405.965,314.923,589.079,5397.01,65702.8,5340.96,oconsumer,36.7555,15.1736,57.2192,237.436,92.7506,71.9205,37.154,20.087,109.44,848.636,1035.97,70.4638,235.422,137.07,1752.94,1543.81,68.8867,1.2748,33.8768,37.3781,246.22,44.7576,34.5151,84.2391,723.621,3659.45,100.791,0.637735,0.004919,0.008593,0.015947,0.006181
4562,deu,2004,oservices,521.965,45.6463,-650.27,3006.09,1249.02,340.527,259.541,135.103,310.034,945.222,3334.61,341.727,954.677,622.434,3783.84,3788.07,755.531,196.22,3409.17,1482.59,1823.2,354.211,399.602,635.269,4613.94,817.054,465524.0,oservices,244.935,38.6754,394.458,721.829,168.708,265.695,108.346,76.7453,250.398,446.622,2865.58,241.961,961.92,394.84,2713.47,2833.27,165.819,3.3472,107.639,63.5846,964.287,39.0517,43.7958,90.8444,618.628,45.5074,8785.08,0.711466,0.012337,0.024044,0.033273,0.015437
4565,dnk,2004,energy,129.419,74.3214,1653.4,611.532,91.0413,35.6152,16.0833,4.147,63.6529,59.716,274.189,63.3438,64.3219,50.7224,58.2811,268.698,30.3355,8.1414,437.379,823.109,2328.54,51.9014,62.7012,33.8885,295.723,118.905,1166.88,energy,93.2803,62.5871,4341.36,514.693,29.3163,37.2989,18.9123,4.9099,62.7269,33.785,282.11,51.0489,66.1269,40.1473,44.8952,257.86,18.5786,0.6508,21.1595,125.043,1970.31,27.1312,18.8108,18.453,69.6413,26.8339,40.7764,0.627169,0.053978,0.081706,0.116901,0.066944
4572,dnk,2004,paperpub,11.5289,5.7073,2.6479,187.097,53.7625,11.0138,8.386,2.8048,42.8667,1278.93,153.519,10.9378,9.7189,18.5073,18.8895,118.574,31.2504,1.9462,153.893,422.907,57.9316,46.8086,80.735,24.948,567.193,70.0711,425.449,paperpub,8.3096,4.8062,6.9527,157.469,17.3122,11.5344,9.8611,3.3208,42.2432,723.569,157.954,8.8148,9.9916,14.6488,14.551,113.792,19.1389,0.1556,7.445,64.2462,49.0192,24.469,24.2211,13.5847,133.571,15.8132,14.8672,0.446999,0.01256,0.01355,0.023606,0.013973
4573,dnk,2004,chemicals,26.2542,7.73,2.6658,155.325,27.1333,49.4691,10.711,4.4865,26.4805,25.3232,5715.52,10.3603,26.8827,28.2394,45.6921,186.753,28.216,0.8185,301.828,196.634,30.7023,7.7829,10.2392,5.3439,89.7774,29.0582,320.036,chemicals,18.923,6.5095,6.9997,130.729,8.7372,51.8078,12.595,5.3118,26.0952,14.3269,5880.64,8.3494,27.6371,22.3518,35.1977,179.22,17.2805,0.0654,14.6018,29.8718,25.979,4.0685,3.0718,2.9099,21.1422,6.5577,11.1836,0.444759,0.118895,0.127625,0.092806,0.11893
4578,dnk,2004,machinery,9.0784,6.7359,6.0925,98.8958,19.396,9.3451,4.6019,2.0794,21.7374,11.6331,105.909,10.1562,31.7362,55.0821,210.317,8643.23,13.6669,1.9775,522.722,195.821,77.1489,24.3731,14.8639,12.8538,119.688,25.2883,308.461,machinery,6.5433,5.6724,15.9972,83.2352,6.2457,9.7869,5.4114,2.462,21.4212,6.5815,108.968,8.1849,32.6267,43.598,162.012,8294.62,8.3701,0.1581,25.2882,29.7483,65.2801,12.7409,4.4593,6.9992,28.1859,5.7069,10.7791,0.391241,0.18395,0.173697,0.127247,0.157812
4581,dnk,2004,construction,25.5623,6.5821,26.8866,116.736,19.3219,7.6605,5.8182,1.4708,18.8473,18.9101,86.3861,5.4379,8.2187,11.6259,16.3494,94.3479,12.3792,18.6729,12713.1,309.257,123.456,138.607,103.871,71.2471,1132.05,48.7539,806.345,construction,18.4243,5.5429,70.5966,98.2502,6.2219,8.0227,6.8416,1.7414,18.5732,10.6986,88.8817,4.3824,8.4493,9.202,12.5943,90.5425,7.5815,1.4927,615.032,46.9811,104.463,72.4563,31.1619,38.7956,266.592,11.0025,28.1775,0.431886,0.013829,0.014415,0.023762,0.01424
4583,dnk,2004,transport,12.2517,17.6313,19.0878,175.871,33.8996,12.7446,8.2908,2.2146,26.8838,24.792,132.89,12.3815,8.4378,18.5757,22.0071,117.437,23.7407,2.3793,283.803,813.88,5433.14,54.0823,28.994,12.8822,207.29,38.3012,517.069,transport,8.8305,14.8476,50.1192,148.021,10.9161,13.3471,9.7491,2.622,26.4927,14.0264,136.729,9.9783,8.6746,14.7029,16.9526,112.701,14.5397,0.1902,13.7298,123.641,4597.29,28.2713,8.6984,7.0147,48.8159,8.6436,18.0689,0.30487,0.122886,0.09042,0.077209,0.115948
4584,dnk,2004,communcation,14.6196,5.95,5.0325,94.8951,17.4192,8.0787,6.974,7.8581,16.1631,54.6426,100.564,4.8135,6.7572,13.4838,17.8135,100.999,15.5412,8.5391,233.728,458.581,174.339,1844.52,142.505,56.5016,729.356,75.4749,959.414,communcation,10.5373,5.0106,13.2138,79.8681,5.6092,8.4607,8.2007,9.3037,15.9279,30.9147,103.469,3.8792,6.9469,10.6726,13.7221,96.9257,9.518,0.6826,11.3073,69.6656,147.518,964.214,42.7525,30.7664,171.76,17.0328,33.5265,0.500365,0.017263,0.020848,0.027132,0.020076
4585,dnk,2004,finance,89.9779,15.8905,17.6518,243.227,29.6269,13.9626,10.0215,2.524,21.7623,19.5933,97.5411,6.2068,9.7075,18.0123,26.1988,123.585,16.0906,4.859,297.909,482.26,125.213,38.6103,4377.67,336.313,846.086,50.3462,449.952,finance,64.8525,13.3816,46.3486,204.711,9.5402,14.6227,11.7843,2.9883,21.4458,11.0851,100.359,5.0021,9.9799,14.2569,20.1816,118.6,9.8545,0.3884,14.4122,73.2628,105.95,20.1833,1313.33,183.13,199.249,11.3619,15.7235,0.584324,0.019214,0.027098,0.036941,0.024107
4587,dnk,2004,obsict,137.167,45.3612,37.8375,900.763,182.423,68.8321,55.0848,11.4387,104.871,179.46,937.184,35.5211,46.9439,104.755,146.852,914.357,130.451,48.5905,3166.57,3290.28,706.292,370.5,703.239,347.877,23912.0,517.807,4559.88,obsict,98.8642,38.1993,99.3505,758.123,58.7423,72.0862,64.774,13.5431,103.345,101.532,964.258,28.6265,48.2612,82.9143,113.124,877.478,79.8928,3.8844,153.192,499.846,597.635,193.677,210.977,189.427,5631.17,116.856,159.344,0.621024,0.077267,0.115812,0.160404,0.096919
4588,dnk,2004,oconsumer,5.718,2.902,6.0062,61.4095,12.5325,6.1824,4.6498,0.895,9.8748,27.1981,59.3852,3.247,4.2771,10.4997,12.4931,84.3023,12.7352,1.9145,82.8535,359.254,281.175,17.4519,25.9713,14.8203,297.775,4156.27,593.838,oconsumer,4.1213,2.4438,15.7705,51.685,4.0356,6.4747,5.4677,1.0597,9.7311,15.3876,61.1008,2.6168,4.3971,8.3107,9.6237,80.9021,7.7995,0.153,4.0083,54.5763,237.918,9.1229,7.7916,8.07,70.1246,937.963,20.7515,0.631712,0.01364,0.020796,0.023179,0.016911
4589,dnk,2004,oservices,46.1481,17.3721,8.7537,209.251,31.9486,13.8579,7.6976,1.8954,18.07,21.9338,169.777,8.0247,9.7995,21.6839,27.6219,144.206,16.1584,9.9877,254.888,469.393,161.56,76.4147,82.1355,67.3042,507.066,92.1303,54608.5,oservices,33.2617,14.6293,22.9847,176.115,10.2878,14.5131,9.0516,2.2441,17.8071,12.4093,174.681,6.4671,10.0744,17.1631,21.2778,138.39,9.896,0.7984,12.331,71.3081,136.705,39.9454,24.6413,36.6486,119.412,20.7914,1908.28,0.715801,0.025287,0.043686,0.043241,0.032381
4616,ecu,2004,oservices,3.5919,0.3059,2.7924,5.1534,0.6942,0.4931,0.4775,0.3025,0.1545,0.3542,1.0005,0.0614,0.0172,0.1869,0.5251,0.5617,0.8695,0.0098,1.5856,2.3116,1.3808,0.1094,1.4459,0.0421,0.0151,0.0232,4539.33,oservices,2.1078,0.035,1.7407,1.3931,0.0196,0.0818,0.0267,0.0266,0.1042,0.0526,0.384,0.0322,0.0172,0.0277,0.125,0.1854,0.0397,0.0001,0.0005,0.043,0.4133,0.0135,0.0254,0.0057,0.0024,0.005,90.3331,0.776568,0.011418,0.017861,0.011021,0.012208
4617,egy,2004,primaryagr,5212.35,194.918,5.0244,1902.72,17.9903,248.013,81.9723,1.8462,15.8581,1.7722,12.0681,4.7014,2.2373,0.7748,0.8212,0.6356,0.062,0.0038,27.3897,4.3736,103.221,8.6976,0.7367,0.5067,2.3372,238.697,484.085,primaryagr,848.92,45.9408,2.2413,179.415,0.6414,89.4121,16.0283,1.4639,1.853,0.2613,5.4036,2.2196,1.9312,0.1633,0.1088,0.2577,0.0261,0.0001,1.1873,0.2827,66.0751,1.332,0.0759,0.0653,1.5807,49.3261,19.4559,0.739533,0.042604,0.061552,0.071901,0.049257
4619,egy,2004,energy,214.081,128.773,6022.5,305.297,12.4461,113.839,131.05,3.1824,34.6577,147.601,586.667,124.576,307.187,82.2201,51.7948,122.657,25.9538,0.492,386.817,344.158,1460.99,51.8148,30.7395,18.7526,116.375,217.361,904.935,energy,34.8668,30.3509,2686.56,28.7876,0.4438,41.0405,25.6247,2.5235,4.0498,21.7599,262.685,58.8142,265.159,17.3248,6.8614,49.738,10.9137,0.0173,16.7679,22.2456,935.227,7.9354,3.1667,2.4159,78.7058,44.9171,36.3704,0.501953,0.124605,0.122188,0.252754,0.151397
4622,egy,2004,textiles,9.3265,1.2182,3.1547,36.1028,0.4908,1325.73,383.917,1.8994,3.7899,0.5271,1.954,1.163,2.4043,0.9784,0.2537,0.7743,0.074,0.0033,8.7325,4.9934,8.4362,2.2527,0.6342,0.4513,2.2092,18.1704,566.688,textiles,1.519,0.2871,1.4073,3.4043,0.0175,477.943,75.0687,1.5061,0.4429,0.0777,0.8749,0.5491,2.0753,0.2062,0.0336,0.314,0.0311,0.0001,0.3785,0.3228,5.4003,0.345,0.0653,0.0581,1.4941,3.7549,22.7758,0.379394,0.041903,0.031057,0.032318,0.04224
4623,egy,2004,clothing,0.6722,0.3764,9.5993,7.6734,0.6667,2.2827,2248.84,0.0669,0.3334,0.3172,3.0657,3.5637,2.1015,2.2045,0.1788,0.4457,0.0615,0.0026,7.2841,2.45,14.3602,3.6597,0.41,0.2447,1.4408,36.1114,304.886,clothing,0.1095,0.0887,4.2822,0.7236,0.0238,0.823,439.725,0.0531,0.039,0.0468,1.3727,1.6825,1.814,0.4645,0.0237,0.1807,0.0259,0.0001,0.3158,0.1584,9.1924,0.5605,0.0422,0.0315,0.9744,7.4623,12.2537,0.437074,0.041543,0.035471,0.025972,0.038071
4641,egy,2004,obsict,44.5262,13.584,55.0681,79.1452,14.9468,114.611,161.115,3.6229,6.5441,19.1209,27.4254,64.6263,37.2309,37.1643,8.2472,14.9979,0.5589,0.2217,243.684,195.296,157.711,67.6946,51.0983,31.8493,3142.5,44.2465,283.414,obsict,7.2519,3.2016,24.5652,7.4629,0.5329,41.3188,31.5033,2.8727,0.7647,2.8189,12.2799,30.5109,32.1372,7.831,1.0925,6.0817,0.235,0.0078,10.5634,12.6235,100.955,10.3673,5.264,4.1031,2125.31,9.1434,11.3907,0.722868,0.117057,0.165305,0.134697,0.129591
4643,egy,2004,oservices,3.9329,2.8909,24.1037,24.3184,4.1223,59.5244,214.43,1.5428,7.8623,2.4919,10.0679,5.7639,14.1998,9.2885,1.8634,5.5489,0.5079,0.0413,27.0084,29.0131,41.8023,25.5124,8.6433,4.6979,23.0577,20.7998,9399.72,oservices,0.6405,0.6814,10.7524,2.2931,0.147,21.4594,41.9282,1.2233,0.9187,0.3674,4.508,2.7212,12.257,1.9572,0.2468,2.2501,0.2136,0.0015,1.1708,1.8753,26.759,3.9072,0.8904,0.6052,15.5942,4.2982,377.785,0.554791,0.027052,0.029319,0.028932,0.028396
4646,esp,2004,energy,317.242,110.085,-1788.08,865.416,228.982,134.498,206.233,107.543,56.5807,225.723,1234.12,218.871,428.194,209.649,847.196,640.394,257.082,18.6548,1680.53,1620.23,3268.06,100.951,72.3675,27.308,732.425,317.518,1325.49,energy,189.171,38.6729,1297.92,215.305,64.5693,89.7621,49.628,48.9639,54.8984,105.805,930.281,219.268,421.315,94.0629,638.445,330.684,33.8962,1.0609,15.7688,105.109,1997.98,16.8665,9.6055,6.1511,127.194,50.747,20.7363,0.290394,0.014906,0.011181,0.03934,0.009481
4653,esp,2004,paperpub,32.7283,12.1462,-8.7251,443.957,138.174,27.0229,52.7329,39.2705,17.2413,5432.2,274.359,23.4895,36.3433,37.4843,197.393,214.875,411.485,9.9545,475.511,803.141,122.835,57.3355,102.847,40.1239,2508.9,670.939,1364.73,paperpub,19.5159,4.2669,6.3333,110.451,38.963,18.0347,12.6897,17.8797,16.7287,2546.27,206.812,23.5321,35.7594,16.818,148.755,110.956,54.2543,0.5661,4.4618,52.1021,75.0969,9.5794,13.6511,9.0379,435.699,107.232,21.3501,0.372995,0.020695,0.019938,0.022575,0.02287
4654,esp,2004,chemicals,181.367,23.5778,-6.7757,385.952,91.2239,216.215,130.687,138.915,18.6148,136.247,13733.4,51.396,120.008,117.896,1284.02,638.211,230.233,10.5482,1372.56,705.817,146.635,23.4898,18.8656,8.0462,474.949,250.415,1527.61,chemicals,108.149,8.2829,4.9182,96.0199,25.7237,144.299,31.4485,63.2475,18.0613,63.864,10352.2,51.4891,118.08,52.8962,967.636,329.557,30.3563,0.5999,12.879,45.7884,89.6472,3.9246,2.5041,1.8124,82.4803,40.0224,23.8984,0.321798,0.104494,0.086856,0.070026,0.095307
4659,esp,2004,machinery,35.4618,15.1483,-16.9595,110.575,29.6456,20.0614,30.0289,14.2967,10.7403,26.6965,177.708,55.5072,73.2412,97.6918,772.289,19223.6,97.677,23.857,2288.63,309.524,83.4103,116.791,20.2116,8.8448,374.07,122.729,1115.33,machinery,21.1459,5.3216,12.3104,27.5097,8.3596,13.3887,7.2262,6.5093,10.4209,12.5136,133.956,55.6077,72.0646,43.8313,581.996,9926.58,12.8787,1.3568,21.4748,20.0797,50.9941,19.513,2.6827,1.9923,64.9616,19.615,17.4485,0.349947,0.10107,0.091358,0.061263,0.09557
4662,esp,2004,construction,138.577,53.1474,-40.4148,517.774,143.001,65.2371,100.072,57.689,19.9907,103.839,217.113,71.4702,61.4654,80.6284,372.092,404.077,166.645,31.4298,76815.7,1874.16,384.35,170.598,224.507,114.943,4050.47,728.763,2147.14,construction,82.6332,18.6707,29.3359,128.816,40.324,43.5384,24.0813,26.2656,19.3963,48.6731,163.66,71.5997,60.478,36.1755,280.408,208.656,21.9722,1.7875,720.779,121.582,234.978,28.5028,29.7992,25.8909,703.41,116.474,33.5904,0.395992,0.005677,0.005807,0.018214,0.006359
4663,esp,2004,distribution,305.852,106.271,-36.8805,1313.87,270.85,190.516,529.052,182.056,206.333,580.088,1199.31,212.391,301.764,246.116,1955.83,1534.58,883.035,79.749,4605.55,143233.0,3030.46,138.592,337.127,144.235,2730.63,1260.3,3751.97,distribution,182.38,37.3329,26.7704,326.873,76.3753,127.148,127.311,82.8896,200.199,271.909,904.039,212.776,296.916,110.424,1473.91,792.421,116.428,4.5355,43.2149,9291.94,1852.72,23.1553,44.7474,32.4887,474.206,201.426,58.6968,0.668678,0.052713,0.091046,0.09538,0.066079
4664,esp,2004,transport,249.212,290.584,-43.2132,2049.42,446.666,317.774,570.938,247.016,143.187,423.866,1120.44,254.203,353.818,366.064,1789.4,1271.63,697.243,23.0843,2852.33,4139.69,19649.8,126.116,146.77,77.2331,1409.62,637.262,1656.88,transport,148.605,102.082,31.3672,509.869,125.952,212.078,137.391,112.466,138.93,198.682,844.588,254.663,348.134,164.242,1348.49,656.64,91.9315,1.3129,26.764,268.554,12013.2,21.0709,19.4811,17.3967,244.797,101.85,25.9207,0.361603,0.104108,0.097239,0.09962,0.105849
4665,esp,2004,communcation,76.7484,62.2411,-50.4611,701.426,171.15,144.911,244.952,100.5,34.6591,153.961,490.624,79.381,88.3299,96.1244,540.617,579.615,200.038,32.0938,1623.04,2155.81,443.678,7539.68,403.503,153.746,2793.36,765.722,2845.38,communcation,45.7651,21.8653,36.6282,174.506,48.2616,96.7117,58.9454,45.7574,33.6286,72.1671,369.832,79.5248,86.9109,43.128,407.408,299.299,26.375,1.8252,15.2293,139.854,271.249,1259.7,53.5577,34.6312,485.099,122.381,44.5138,0.553066,0.007615,0.010878,0.02399,0.009314
4666,esp,2004,finance,287.354,84.6651,-84.2007,1251.11,284.804,185.661,385.561,203.139,65.4808,213.049,613.389,105.797,205.13,212.688,1186.32,967.871,402.376,32.8306,2920.3,3606.46,703.736,207.95,14366.2,2110.08,3762.94,751.485,2120.92,finance,171.349,29.7428,61.1188,311.26,80.3101,123.908,92.7816,92.4886,63.5339,99.8638,462.373,105.989,201.835,95.4265,894.009,499.785,53.0533,1.8671,27.4019,233.962,430.239,34.7434,1906.85,475.295,653.478,120.105,33.1802,0.690523,0.009748,0.017386,0.040338,0.012698
4668,esp,2004,obsict,397.096,239.649,-201.242,4106.65,962.439,497.176,1139.98,711.272,162.978,893.19,2897.41,423.686,510.802,652.595,3885.08,3934.49,1260.6,151.729,10023.0,16440.7,2553.81,1278.75,1411.02,651.503,81035.7,3590.38,10633.7,obsict,236.788,84.1887,146.076,1021.68,271.392,331.809,274.325,323.84,158.132,418.671,2184.07,424.453,502.596,292.799,2927.79,2031.68,166.21,8.6291,94.0478,1066.55,1561.31,213.647,187.287,146.75,14072.8,573.829,166.357,0.621247,0.079979,0.128341,0.163896,0.100625
4669,esp,2004,oconsumer,15.5418,8.4188,-7.8046,176.48,47.5473,16.0339,35.5495,21.1748,5.7866,224.87,102.952,13.1435,17.1827,20.3668,255.657,131.835,57.2538,4.9441,309.644,576.542,139.993,71.8419,71.9298,27.086,1984.89,36101.9,885.622,oconsumer,9.2676,2.9575,5.6651,43.9061,13.4076,10.7008,8.5546,9.6408,5.6145,105.405,77.6053,13.1674,16.9067,9.1379,192.662,68.0764,7.5489,0.2812,2.9055,37.402,85.5866,12.003,9.5474,6.1011,344.698,5769.94,13.8549,0.637249,0.03294,0.054219,0.037742,0.041442
4670,esp,2004,oservices,221.677,38.5075,-29.2637,650.688,132.511,101.798,144.995,51.9536,28.3076,102.412,367.237,48.0588,102.315,78.8768,527.875,352.604,154.164,22.0493,622.365,1032.68,195.017,163.828,134.762,44.3887,979.102,409.849,157337.0,oservices,132.186,13.5277,21.2416,161.883,37.366,67.9389,34.8916,23.6543,27.466,48.0045,276.823,48.1458,100.671,35.3896,397.806,182.077,20.3266,1.254,5.8398,66.9931,119.226,27.3717,17.8872,9.9985,170.032,65.5037,2461.43,0.740208,0.012821,0.024513,0.025088,0.016272
4697,est,2004,oservices,1.678,0.9792,3.4099,6.8853,0.6042,1.3251,1.0749,0.1447,2.7244,1.1418,2.0603,0.5302,2.1233,0.985,1.9488,2.9908,0.4107,0.3004,7.8611,19.5718,9.3618,1.3367,0.4166,0.1601,11.4082,3.8563,1450.04,oservices,0.4905,0.9089,1.4484,2.7514,0.5038,1.3155,0.8296,0.1144,2.7357,0.8624,2.0768,0.5044,2.1906,0.9994,2.0282,2.9259,0.2772,0.0432,0.2701,3.7903,8.264,0.5202,0.1033,0.0741,3.5966,0.9213,55.3383,0.569673,0.010695,0.022371,0.022492,0.016835
4698,eth,2004,primaryagr,3097.68,0.9532,0.1517,64.4241,21.3933,38.5806,8.5934,45.7397,0.206,0.1061,2.0617,2.1043,1.7418,0.6622,1.5812,4.0379,2.8829,0.7257,29.4504,3.06,12.0119,4.7785,0.0495,0.0574,7.2908,34.2356,89.7033,primaryagr,409.728,0.1027,0.0001,5.6681,0.2858,6.7653,0.438,8.6633,0.0135,0.006,0.1419,0.1093,1.5838,0.0329,0.1781,0.1469,0.1281,0.0264,0.0183,2.2346,9.7118,1.2992,0.0167,0.0285,3.2004,3.7635,10.8397,0.826237,0.26919,0.418168,0.350948,0.322758
4724,eth,2004,oservices,0.0467,0.0136,0.0009,0.1893,0.0182,0.0105,0.1077,0.0402,0.0026,0.0007,0.0123,0.0227,0.0216,0.0086,0.0208,0.052,0.0415,0.005,0.0779,0.0493,0.0862,0.0324,0.0002,0.0002,0.004,0.0382,1326.57,oservices,0.0062,0.0015,0.0,0.0167,0.0002,0.0018,0.0055,0.0076,0.0002,0.0,0.0008,0.0012,0.0196,0.0004,0.0023,0.0019,0.0018,0.0002,0.0,0.036,0.0697,0.0088,0.0001,0.0001,0.0018,0.0042,160.302,0.642716,0.145732,0.176101,0.121093,0.152316
4749,fin,2004,obsict,115.679,15.4319,-6.4856,521.647,36.4232,49.1083,25.8176,10.4788,170.791,959.49,438.31,50.1221,296.141,76.926,195.486,2361.36,58.4707,-0.4569,1333.79,2356.96,534.332,123.573,204.844,45.6384,18345.0,417.858,3268.1,obsict,28.9604,6.9181,129.725,98.9486,18.23,35.3062,21.4624,6.5054,171.641,851.971,403.617,44.842,297.693,72.3533,139.273,1944.92,18.0656,0.0095,38.5579,631.821,206.024,17.6309,11.1671,3.387,1891.08,21.5452,20.4263,0.58327,0.039731,0.071829,0.144902,0.05027
4751,fin,2004,oservices,23.9952,2.3918,-0.7625,56.1476,3.9553,5.2876,2.6343,1.4438,26.0275,120.353,53.0393,6.059,41.1249,10.1705,25.6743,251.784,6.9554,-0.0563,127.662,581.986,113.137,18.1145,36.7139,16.633,501.124,134.413,34318.1,oservices,6.0072,1.0722,15.2522,10.6504,1.9796,3.8015,2.1899,0.8964,26.1571,106.866,48.8412,5.4207,41.3404,9.5659,18.2915,207.38,2.149,0.0012,3.6905,156.011,43.6226,2.5845,2.0015,1.2344,51.6578,6.9305,214.495,0.671806,0.004178,0.0087,0.020116,0.005527
4752,fra,2004,primaryagr,13851.2,30.4486,-42.1091,10046.6,2284.23,369.978,97.178,60.706,15.5382,52.3507,528.3,23.9816,41.9576,28.8068,251.1,286.663,52.2964,16.3925,1802.88,3117.82,253.459,38.4163,15.8114,39.9995,921.207,253.235,1867.64,primaryagr,7159.89,12.7649,29.5516,3009.39,761.171,256.104,41.7671,46.6399,13.1325,25.0267,456.128,18.9218,44.9324,16.6102,175.181,216.567,19.0513,0.5199,25.2591,204.475,127.268,5.9278,1.9951,3.7453,76.3142,25.9076,13.9393,0.527674,0.023289,0.03858,0.035001,0.026884
4754,fra,2004,energy,366.776,97.8513,-4830.77,958.041,540.069,130.955,101.481,42.0948,71.0135,306.547,2633.04,216.377,588.029,146.312,1062.42,975.357,155.331,69.03,1769.96,3000.22,6719.89,130.716,59.2821,145.976,2067.38,803.876,3165.6,energy,189.592,41.022,3390.18,286.974,179.967,90.6485,43.6165,32.3411,60.0192,146.547,2273.34,170.724,629.72,84.3647,741.207,736.859,56.586,2.1892,24.7978,196.763,3374.23,20.1698,7.4803,13.6681,171.265,82.242,23.6267,0.297551,0.019571,0.018281,0.035772,0.01484
4755,fra,2004,procfoods,511.549,9.1842,-17.8066,27169.5,1593.05,82.2294,72.6722,90.0875,11.5789,67.2794,538.596,25.4728,45.3918,33.02,283.233,361.372,57.6576,11.9979,470.589,3483.55,270.81,44.5477,19.1572,46.8683,1106.34,368.19,2099.08,procfoods,264.428,3.8503,12.4965,8138.39,530.85,56.9202,31.2345,69.2134,9.7862,32.1634,465.017,20.0984,48.6101,19.0396,197.599,273.008,21.0043,0.3805,6.5931,228.461,135.981,6.8739,2.4173,4.3884,91.651,37.6684,15.6667,0.281655,0.0462,0.040851,0.02935,0.051432
4761,fra,2004,paperpub,113.137,23.4893,-47.0567,1067.25,533.983,126.542,121.874,56.3992,50.9315,10221.0,1267.09,101.533,108.294,90.9,841.026,1026.04,187.842,34.7829,1217.25,2533.58,445.069,204.258,155.477,379.046,2958.84,1188.85,3234.95,paperpub,58.4824,9.8474,33.0238,319.685,177.938,87.594,52.3816,43.331,43.0463,4886.22,1093.99,80.1108,115.972,52.4137,586.747,775.147,68.4297,1.1031,17.0541,166.159,223.481,31.5176,19.6184,35.491,245.115,121.627,24.1443,0.371215,0.020319,0.023679,0.025644,0.0229
4762,fra,2004,chemicals,441.915,33.362,-67.4258,1178.13,543.531,307.501,225.106,135.69,51.3848,367.354,33366.0,96.4907,241.279,190.562,2350.61,1692.33,303.206,38.2511,2205.3,1530.87,400.233,117.125,32.1868,84.6397,1813.65,492.664,2772.04,chemicals,228.433,13.9863,47.3187,352.9,181.12,212.856,96.7506,104.249,43.4294,175.616,28807.8,76.1323,258.385,109.88,1639.92,1278.51,110.456,1.2131,30.897,100.399,200.967,18.0728,4.0614,7.925,150.245,50.4029,20.6893,0.298416,0.158044,0.148062,0.093939,0.155782
4765,fra,2004,fabmetals,142.313,52.7763,-107.043,791.835,378.681,87.6757,131.518,44.5724,96.5329,169.078,1169.0,104.963,730.884,7257.77,5189.77,4846.55,376.956,78.377,5882.44,1715.63,597.661,205.807,34.99,81.1148,1818.68,370.479,1662.21,fabmetals,73.5639,22.1253,75.1217,237.188,126.187,60.6902,56.5263,34.2446,81.5876,80.8289,1009.3,82.8171,782.703,4184.89,3620.67,3661.45,137.323,2.4857,82.415,112.516,300.101,31.7566,4.4151,7.595,150.662,37.9025,12.406,0.415722,0.016967,0.022144,0.041244,0.018215
4766,fra,2004,transpequip,24.8602,8.5248,-16.4073,127.449,60.2327,19.6691,29.0536,7.1932,9.206,34.0727,168.81,19.7407,74.3888,45.2639,36025.8,532.236,48.3069,9.9206,353.321,970.176,811.507,36.4763,13.0257,32.8227,935.694,133.604,1699.08,transpequip,12.8506,3.5738,11.5145,38.1764,20.0713,13.6152,12.4872,5.5265,7.7807,16.2887,145.748,15.5757,79.6629,26.0996,25133.7,402.091,17.5979,0.3146,4.9502,63.6268,407.479,5.6284,1.6436,3.0733,77.5143,13.6686,12.6813,0.199534,0.192688,0.120702,0.072674,0.159883
4767,fra,2004,machinery,233.875,80.4453,-106.201,644.403,323.777,108.228,96.5385,36.6119,74.2457,158.845,850.539,100.522,300.26,271.013,4472.48,42756.0,258.224,78.8074,4226.78,2044.92,613.576,330.324,54.0788,112.609,2444.76,552.72,3400.53,machinery,120.894,33.7249,74.5305,193.026,107.892,74.9171,41.4922,28.1286,62.7509,75.937,734.345,79.3131,321.548,156.268,3120.26,32301.2,94.0695,2.4993,59.2187,134.112,308.092,50.97,6.8238,10.5439,202.528,56.547,25.3801,0.311499,0.175459,0.171583,0.105309,0.172845
4770,fra,2004,construction,120.484,31.8761,-266.462,381.993,209.59,60.3687,68.4966,27.8266,26.8875,103.407,529.891,53.8587,118.886,75.154,586.243,601.494,87.8269,184.366,117089.0,1383.95,872.375,350.24,83.5539,302.415,2728.91,894.498,4890.39,construction,62.2804,13.3634,187.0,114.423,69.8413,41.788,29.4398,21.3789,22.7248,49.4344,457.501,42.4952,127.314,43.3345,408.996,454.414,31.9948,5.847,1640.46,90.7634,438.042,54.0432,10.543,28.3159,226.067,91.5133,36.4998,0.4533,0.006369,0.009063,0.013137,0.007394
4771,fra,2004,distribution,65.7354,19.6362,-43.7978,505.352,240.157,65.1369,98.2608,34.2961,37.0149,145.935,596.837,61.4814,108.831,78.2008,827.122,777.471,107.772,26.2678,1304.81,30373.8,706.618,94.9838,43.399,110.521,1830.5,500.603,1701.37,distribution,33.9797,8.232,30.7368,151.374,80.0273,45.0886,42.2325,26.3494,31.2842,69.7654,515.302,48.5095,116.547,45.0912,577.047,587.361,39.2608,0.8331,18.2808,1992.0,354.811,14.6563,5.4762,10.3484,151.641,51.2152,12.6983,0.178194,0.019982,0.011179,0.013849,0.022056
4772,fra,2004,transport,123.163,46.9543,-127.946,1172.16,562.824,155.772,180.484,61.7777,74.6913,403.034,1267.65,172.187,305.985,172.83,1407.25,1551.26,214.954,87.2375,2518.74,6425.57,31745.8,179.796,93.2194,241.195,3597.53,1061.45,3732.67,transport,63.6652,19.6846,89.7912,351.112,187.549,107.827,77.5721,47.4632,63.1276,192.673,1094.48,135.857,327.679,99.6551,981.777,1171.94,78.3066,2.7667,35.2885,421.407,15940.4,27.743,11.7626,22.5837,298.025,108.594,27.8591,0.28644,0.08539,0.076786,0.060176,0.085303
4773,fra,2004,communcation,103.81,26.8796,-96.6068,737.652,358.676,112.138,143.702,41.873,38.7374,291.371,959.277,79.3657,154.486,141.053,1132.71,1241.74,166.896,60.438,2045.57,4576.67,909.257,14731.4,468.226,743.677,4876.53,1301.48,4999.61,communcation,53.6609,11.2687,67.7975,220.958,119.521,77.6234,61.763,32.1707,32.7401,139.292,828.228,62.6205,165.438,81.3322,790.245,938.107,60.7993,1.9167,28.6592,300.151,456.561,2273.09,59.0817,69.6324,403.979,133.15,37.315,0.515205,0.007499,0.012129,0.020547,0.00929
4774,fra,2004,finance,501.628,85.1795,-262.793,2487.34,1187.86,385.622,403.374,139.344,122.563,693.933,2270.73,196.411,438.063,293.905,2753.34,2930.38,400.351,235.731,7025.96,9888.81,2956.7,966.512,9413.96,6603.83,9814.43,2411.92,8523.7,finance,259.3,35.7097,184.425,745.061,395.828,266.932,173.37,107.057,103.587,331.74,1960.52,154.971,469.121,169.468,1920.89,2213.83,145.846,7.476,98.4362,648.536,1484.64,149.136,1187.87,618.333,813.042,246.756,63.6173,0.485374,0.003506,0.005342,0.040932,0.004527
4776,fra,2004,obsict,1655.66,338.395,-1346.95,11542.9,5755.84,1560.35,1913.95,572.523,581.29,3431.97,15787.3,1130.06,2689.04,1805.85,19888.7,18451.6,2441.29,881.93,30218.7,41896.4,11911.5,3844.81,2324.9,6470.22,253709.0,10423.9,39229.9,obsict,855.839,141.865,945.274,3457.58,1918.01,1080.09,822.613,439.865,491.294,1640.68,13630.6,891.63,2879.69,1041.27,13875.4,13939.8,889.346,27.9695,423.375,2747.68,5981.09,593.266,293.36,605.823,21017.7,1066.44,292.795,0.606067,0.053919,0.10259,0.251772,0.068162
4777,fra,2004,oconsumer,31.5784,8.8906,-37.1151,223.885,116.336,44.3763,51.0088,16.047,12.1774,193.576,385.418,36.3882,71.1312,43.5919,373.136,416.013,67.8791,27.3377,612.063,1170.13,266.951,62.6348,30.1374,75.7873,2166.75,51503.5,1423.97,oconsumer,16.3234,3.7272,26.0469,67.0631,38.7665,30.7178,21.9235,12.3288,10.292,92.5403,332.765,28.7107,76.1743,25.1355,260.321,314.288,24.728,0.867,8.5752,76.7403,134.043,9.6647,3.8028,7.0962,179.497,5269.16,10.6279,0.552495,0.016931,0.029366,0.019383,0.020961
4778,fra,2004,oservices,206.782,41.4819,-179.045,1074.1,506.677,175.342,164.909,63.5258,81.0954,335.041,1446.4,130.064,290.297,181.547,1597.69,1600.72,238.256,485.464,2722.0,3612.98,1437.1,241.1,142.302,407.198,4083.71,1256.07,422849.0,oservices,106.889,17.3904,125.651,321.739,168.839,121.374,70.8779,48.8063,68.5402,160.169,1248.8,102.622,310.878,104.681,1114.64,1209.31,86.7953,15.396,38.1362,236.949,721.606,37.2026,17.956,38.127,338.301,128.504,3155.97,0.75098,0.00806,0.019002,0.027687,0.010463
4781,gbr,2004,energy,179.867,278.997,-4515.64,2471.9,1309.35,547.522,263.423,67.9123,48.0285,1156.69,6936.53,413.66,1417.57,589.744,2103.78,3005.87,930.273,46.7055,2987.31,6153.81,13876.4,511.593,702.089,1012.42,3233.63,879.4,8120.93,energy,54.3304,599.067,14881.3,283.988,357.4,203.779,63.7081,39.7151,42.9759,298.881,5658.21,249.345,1484.83,213.868,1139.51,1995.81,173.438,0.8463,13.0887,167.684,7302.46,108.922,385.662,192.773,732.527,92.3616,91.2813,0.480282,0.047945,0.053724,0.098322,0.048554
4782,gbr,2004,procfoods,115.911,12.6556,-2.9629,36830.5,481.245,8.478,9.5184,3.6424,1.1014,23.9226,78.9029,3.5676,8.2597,8.7623,43.6408,61.4448,19.6252,1.5842,94.9295,2375.6,109.548,33.2544,51.8587,66.2143,312.143,238.268,1031.41,procfoods,35.0118,27.1744,9.7643,4231.32,131.361,3.1554,2.302,2.1301,0.9855,6.1814,64.362,2.1505,8.6516,3.1776,23.6379,40.7976,3.6589,0.0287,0.4159,64.7323,57.6499,7.0801,28.4863,12.6077,70.711,25.0248,11.5933,0.389451,0.020572,0.018692,0.013013,0.021386
4788,gbr,2004,paperpub,42.0691,14.5882,-14.7125,1617.59,468.994,179.047,186.298,26.727,10.3639,19411.8,724.266,28.7392,55.9543,79.6741,375.0,753.647,317.466,13.3046,533.286,1454.65,302.754,70.1338,626.408,751.738,2457.12,334.915,5313.85,paperpub,12.7073,31.3241,48.4852,185.84,128.017,66.6385,45.0557,15.63,9.2736,5015.87,590.793,17.3234,58.6091,28.8934,203.117,500.4,59.1875,0.2411,2.3366,39.6375,159.325,14.932,344.09,143.137,556.621,35.1754,59.729,0.455051,0.018055,0.019169,0.022352,0.019301
4789,gbr,2004,chemicals,34.0602,10.3853,-7.924,538.477,168.542,140.079,26.0328,49.1793,8.3828,212.816,32522.1,26.0319,39.1919,75.4625,895.842,752.202,380.288,7.6022,1316.26,540.745,146.73,51.1784,56.4783,92.2095,468.864,174.716,3954.97,chemicals,10.2882,22.2994,26.1136,61.8638,46.0052,52.135,6.296,28.7601,7.5009,54.9902,26528.7,15.6915,41.0515,27.3661,485.23,499.441,70.9001,0.1377,5.7671,14.7347,77.2169,10.8962,31.0238,17.5574,106.214,18.3501,44.4548,0.374444,0.131914,0.115242,0.075584,0.120644
4790,gbr,2004,nonmetmin,12.0513,13.4127,-6.7956,364.443,97.7371,10.0475,4.6504,1.5971,3.6949,15.634,89.8808,2480.22,23.1265,22.4999,336.079,153.298,25.6636,7.4809,4875.59,333.543,82.2708,27.896,38.6312,92.5043,343.922,80.6022,1032.53,nonmetmin,3.6402,28.8,22.3949,41.8696,26.6784,3.7395,1.1247,0.934,3.3062,4.0397,73.3168,1495.02,24.2238,8.1595,182.036,101.786,4.7847,0.1355,21.362,9.0887,43.2951,5.9393,21.2203,17.6135,77.91,8.4655,11.6059,0.42853,0.006895,0.006893,0.005987,0.006995
4792,gbr,2004,fabmetals,13.614,18.6437,-20.8671,769.896,194.319,93.7402,90.9041,28.4141,12.6351,55.7813,565.904,26.2836,225.628,9775.36,3765.22,4230.71,588.576,7.1689,3113.18,429.126,165.488,38.718,46.6674,95.3143,419.422,74.4011,1347.61,fabmetals,4.1122,40.0322,68.7675,88.4506,53.0413,34.8885,21.9849,16.6166,11.3059,14.4135,461.615,15.8432,236.333,3544.99,2039.42,2809.07,109.733,0.1299,13.6402,11.6932,87.0882,8.2433,25.6347,18.1486,95.0132,7.8142,15.1474,0.489783,0.01416,0.016181,0.026306,0.014134
4793,gbr,2004,transpequip,4.5724,20.1338,-1.7975,54.1396,18.6704,17.8611,9.4591,2.126,1.6988,17.0673,38.4509,4.711,12.5998,18.659,31284.2,185.184,39.675,1.6437,98.0331,510.676,216.916,15.4257,28.4947,49.8613,235.757,53.5193,3144.49,transpequip,1.3811,43.2316,5.9236,6.2199,5.0963,6.6476,2.2877,1.2433,1.5201,4.4101,31.3648,2.8397,13.1977,6.7666,16945.0,122.957,7.3969,0.0298,0.4295,13.9153,114.152,3.2842,15.6523,9.494,53.4069,5.621,35.3448,0.326121,0.09884,0.075204,0.046611,0.086026
4794,gbr,2004,machinery,13.852,16.9057,-17.4197,179.368,92.9541,45.6898,34.4382,6.2284,5.341,66.7594,280.869,16.4589,79.2802,102.746,1719.86,58573.1,109.352,10.6325,1435.78,467.585,175.778,205.776,78.7655,126.39,487.816,123.626,5074.7,machinery,4.1841,36.3003,57.4065,20.6069,25.3728,17.005,8.3288,3.6424,4.7792,17.2501,229.108,9.9211,83.0418,37.2604,931.557,38890.9,20.3874,0.1927,6.2908,12.7411,92.5036,43.8111,43.2663,24.0657,110.507,12.9842,57.0409,0.412327,0.181054,0.174174,0.108928,0.163786
4796,gbr,2004,water,55.5453,7.2963,-8.7332,332.132,113.342,65.468,28.0072,4.9584,2.5336,49.0752,104.78,15.063,36.1838,41.4711,130.817,210.82,60.0854,2634.76,121.581,147.658,63.4457,11.2251,21.642,31.1067,118.701,112.481,1301.49,water,16.7779,15.6668,28.7804,38.1575,30.9379,24.3661,6.7735,2.8997,2.267,12.6807,85.4699,9.0796,37.9006,15.0393,70.8568,139.978,11.2022,47.74,0.5327,4.0235,33.3884,2.3899,11.8881,5.923,26.8898,11.8137,14.6291,0.693826,0.000146,0.000236,0.00189,0.000174
4797,gbr,2004,construction,58.8027,85.5843,-106.431,547.54,305.546,111.988,56.3985,12.8946,13.2702,192.706,419.61,42.7007,159.46,149.549,706.356,778.634,226.661,127.595,94452.2,1809.43,1049.08,392.316,597.816,1542.95,4854.15,737.351,6582.57,construction,17.7618,183.768,350.744,62.905,83.4021,41.6802,13.6398,7.5408,11.8742,49.7938,342.28,25.7391,167.027,54.2332,382.595,516.991,42.2582,2.3119,413.835,49.3049,552.079,83.5267,328.384,293.79,1099.63,77.4425,73.9897,0.40914,0.001629,0.001555,0.014226,0.001716
4798,gbr,2004,distribution,415.316,55.6871,-71.95,1555.3,463.111,172.398,128.48,26.0791,20.0964,406.762,902.524,68.1355,185.877,213.582,1061.93,1511.97,371.823,34.4526,3105.86,238623.0,2685.76,462.115,1077.46,1983.33,4973.08,1297.39,8603.08,distribution,125.45,119.572,237.111,178.682,126.411,64.1638,31.0725,15.251,17.9823,105.104,736.2,41.0706,194.696,77.4545,575.19,1003.91,69.3218,0.6243,13.6081,6502.19,1413.38,98.3874,591.853,377.641,1126.57,136.263,96.7007,0.652824,0.020051,0.03054,0.03758,0.023475
4799,gbr,2004,transport,103.429,324.141,-66.0022,3238.49,1060.35,430.872,305.597,57.991,63.5321,934.975,1786.96,356.037,501.122,460.596,2067.75,2857.82,942.702,26.6523,3181.52,12313.9,37284.2,709.741,1137.02,1893.41,3900.98,1209.86,7639.66,transport,31.2415,696.002,217.51,372.059,289.433,160.363,73.9077,33.9132,56.8485,241.591,1457.65,214.611,524.899,167.033,1119.99,1897.51,175.755,0.4829,13.9396,335.539,19620.8,151.109,624.57,360.521,883.705,127.069,85.8717,0.342209,0.098469,0.078618,0.079917,0.102448
4800,gbr,2004,communcation,80.1828,49.264,-66.9025,1121.59,418.961,218.376,165.971,30.2164,22.9533,536.774,1078.22,77.1393,181.336,224.892,1076.12,1612.39,424.061,42.1829,1746.76,3305.76,1549.34,18794.9,3229.48,4118.41,4956.03,1426.59,8643.88,communcation,24.2199,105.781,220.477,128.855,114.36,81.2758,40.1397,17.6706,20.5386,138.699,879.515,46.4979,189.94,81.5559,582.875,1070.58,79.061,0.7643,7.6533,90.0781,815.34,4001.55,1773.97,784.176,1122.71,149.831,97.1593,0.589523,0.01292,0.017771,0.033814,0.014412
4801,gbr,2004,finance,31.1425,65.1473,-39.791,889.924,379.197,216.423,175.07,27.5573,17.3569,175.804,823.042,69.1785,214.722,248.013,1424.51,1591.73,374.549,9.5976,951.965,1272.64,448.242,108.141,19508.3,1737.43,1871.85,270.958,3003.44,finance,9.4068,139.885,131.131,102.24,103.506,80.5491,42.3402,16.1155,15.531,45.4264,671.365,41.6993,224.91,89.9407,771.582,1056.86,69.83,0.1739,4.171,34.6778,235.888,23.024,10716.0,330.82,424.039,28.4582,33.7594,0.314107,0.051224,0.037539,0.04123,0.055298
4802,gbr,2004,insurance,47.3028,24.2826,-23.3072,309.676,109.968,93.2706,63.121,10.2183,11.2604,107.648,235.491,22.3864,61.1229,98.0496,338.828,523.396,161.377,5.2945,377.564,518.496,292.246,67.1805,148.29,16277.6,757.85,193.163,1474.03,insurance,14.2882,52.1401,76.8089,35.5776,30.017,34.7138,15.2656,5.9757,10.0758,27.8154,192.093,13.4941,64.023,35.5572,183.525,347.52,30.0868,0.0959,1.6543,14.1284,153.795,14.3032,81.4568,3099.37,171.679,20.2875,16.5684,0.280999,0.02241,0.014692,0.012661,0.02484
4803,gbr,2004,obsict,929.697,401.111,-450.93,10081.4,4318.23,1585.61,1212.56,216.004,163.77,2993.46,6854.34,507.064,1106.78,1582.61,8997.67,11137.2,3461.92,536.755,22804.9,46711.8,11992.4,2849.78,8850.54,16533.2,223246.0,11973.4,51007.9,obsict,280.823,861.274,1486.04,1158.22,1178.71,590.139,293.253,126.319,146.541,773.49,5591.17,305.647,1159.29,573.925,4873.56,7394.75,645.433,9.7256,99.9178,1272.84,6311.0,606.738,4861.65,3148.04,50572.8,1257.54,573.341,0.641167,0.133584,0.199829,0.256706,0.157707
4804,gbr,2004,oconsumer,87.1704,40.7811,-23.3671,508.289,170.035,92.9101,73.2118,10.7354,7.8507,1052.55,286.335,35.8702,76.0092,63.9099,330.865,578.928,137.738,10.5984,671.193,1236.8,820.083,384.927,537.875,775.819,2710.41,47535.6,6033.95,oconsumer,26.3305,87.5658,77.0062,58.3955,46.4128,34.5796,17.7061,6.278,7.0248,271.971,233.567,21.6218,79.6156,23.1766,179.212,384.391,25.6795,0.192,2.9408,33.7013,431.57,81.9536,295.458,147.722,614.0,4992.57,67.823,0.538929,0.016901,0.021251,0.022022,0.019554
4805,gbr,2004,oservices,149.289,52.467,-62.0016,1443.5,552.264,278.199,150.091,33.1081,16.9954,381.414,1218.92,64.6893,178.29,237.464,1226.47,1858.36,476.629,74.5541,1607.74,2111.93,1453.6,553.388,866.204,1524.36,4669.96,2760.56,390854.0,oservices,45.094,112.658,204.326,165.839,150.746,103.541,36.299,19.3616,15.2075,98.5547,994.284,38.9933,186.75,86.1152,664.316,1233.9,88.8616,1.3509,7.0442,57.5475,764.959,117.82,475.811,290.25,1057.9,289.936,4393.3,0.620248,0.013656,0.019762,0.031239,0.015491
4832,geo,2004,oservices,3.2666,1.8162,3.0482,6.47,4.2074,0.0265,0.1968,0.089,0.2997,0.2282,1.2823,0.2045,6.4597,0.1962,2.6038,1.2008,0.1673,0.3672,2.3688,1.5469,2.3847,0.3819,0.2288,0.0973,0.1422,2.8197,910.745,oservices,0.186,1.2323,0.3687,0.9702,2.1658,0.0233,0.1864,0.0186,0.3017,0.0431,1.1374,0.1429,6.595,0.1222,1.6007,0.7498,0.0258,0.0155,0.004,0.0678,1.6412,0.0902,0.0337,0.0428,0.0765,0.2535,60.5248,0.707329,0.052586,0.095191,0.071949,0.063996
4859,gha,2004,oservices,4.5387,5.7914,0.1767,1.4069,0.5508,0.0463,0.1723,0.0962,2.9399,0.0078,0.2124,0.032,0.2799,0.0848,0.0021,1.0801,0.0019,0.0002,1.1914,0.0187,10.3529,3.8361,0.5154,0.5963,3.1375,0.4308,1011.62,oservices,1.9065,2.7477,0.0428,0.5308,0.0281,0.0198,0.0219,0.0135,2.4013,0.0026,0.0901,0.032,0.263,0.0263,0.0021,0.1632,0.0019,0.0,0.0005,0.0097,7.6535,0.3983,0.0814,0.2731,2.8436,0.1047,35.0015,0.556118,0.016636,0.019182,0.025418,0.019604
4886,gin,2004,oservices,0.0067,0.0357,0.0138,0.0196,0.005,0.0018,0.0086,0.0009,0.003,0.0037,0.0021,0.0007,0.009,0.0009,0.0025,0.0004,0.0032,0.003,0.0055,-0.0002,0.0074,0.0024,0.0006,0.0004,0.0007,0.0109,200.969,oservices,0.0004,0.0269,0.0153,0.0013,0.0,0.0,0.0,0.0,0.0003,0.0,0.0021,0.0,0.0088,0.0001,0.0002,0.0004,0.0,0.0,0.0003,0.0,0.001,0.0,0.0,0.0,0.0003,0.0001,42.8738,0.671812,0.052319,0.077753,0.048325,0.063137
4908,grc,2004,communcation,3.4815,6.0573,-5.1481,77.6838,11.9506,16.9623,95.264,9.1669,0.7135,18.9037,27.5676,7.0483,8.2477,4.5973,4.1748,33.6724,18.8506,4.1259,180.139,1944.58,62.7694,2599.29,30.4813,65.7221,179.353,155.086,606.971,communcation,0.908,2.7025,1.5264,9.2808,2.1537,10.0639,23.55,1.2302,1.1707,4.4974,20.234,3.8613,10.2917,5.06,2.2869,19.1316,2.6651,0.2725,1.3254,129.857,49.5736,525.948,6.02,15.7443,21.6442,44.8338,11.9623,0.882722,0.012088,0.029982,0.034774,0.02064
4911,grc,2004,obsict,29.809,53.5212,-30.0685,780.352,124.193,124.686,621.978,69.8307,2.4873,115.146,325.103,26.7603,57.283,16.3418,14.0367,155.936,89.6815,26.9718,1269.23,5202.62,256.523,45.0413,67.4208,253.492,26149.3,572.467,2789.55,obsict,7.7746,23.8786,8.9151,93.2277,22.3817,73.9776,153.758,9.3714,4.0812,27.3943,238.618,14.6601,71.4791,17.9867,7.689,88.5977,12.6793,1.7814,9.3386,347.425,202.595,9.1138,13.3154,60.7262,3155.69,165.494,54.9769,0.856389,0.074971,0.180406,0.183537,0.128302
4913,grc,2004,oservices,2.6849,1.7197,-1.6433,12.6732,1.8346,3.0325,16.6902,1.2814,0.185,2.3317,8.0196,1.6235,1.5653,0.8417,1.6771,7.4013,2.4678,1.3717,44.6968,443.012,69.1097,3.5212,13.6687,13.4006,57.6416,8.6513,42957.5,oservices,0.7003,0.7673,0.4872,1.5141,0.3306,1.7992,4.1259,0.172,0.3036,0.5547,5.8862,0.8894,1.9532,0.9264,0.9187,4.2052,0.3489,0.0906,0.3289,29.5838,54.581,0.7125,2.6995,3.2102,6.9562,2.501,846.611,0.767139,0.0231,0.049794,0.036474,0.03649
4940,gtm,2004,oservices,12.8569,0.2058,0.2591,13.3265,0.7598,0.206,0.643,0.4168,0.0425,0.3159,2.902,0.1736,0.1586,0.1943,0.5378,0.466,0.665,0.0821,7.8947,2.9842,0.049,2.2471,0.3049,0.6415,1.3524,2.271,6393.6,oservices,4.7599,0.0553,0.1378,2.2994,0.1255,0.1061,0.4041,0.0492,0.0408,0.1211,1.6004,0.1505,0.1257,0.0284,0.0371,0.1546,0.0497,0.0047,0.0057,0.1775,0.045,0.6986,0.0503,0.2448,0.1849,0.3332,184.341,0.84913,0.040443,0.083186,0.051368,0.053497
4967,hkg,2004,oservices,0.2221,0.0087,0.0485,0.2093,0.1139,2.8398,1.2011,0.036,0.0768,0.1785,0.2774,0.0091,0.3459,0.0415,0.0265,0.2737,0.153,0.0179,0.923,14.1573,3.68,0.2348,0.841,0.2925,3.0206,1.003,13756.7,oservices,0.004,0.0005,0.0087,0.0171,0.0251,1.2656,0.7807,0.0057,0.0062,0.0844,0.1486,0.0021,0.3435,0.0077,0.0005,0.2019,0.0877,0.0013,0.0179,8.2065,3.0213,0.1035,0.4891,0.1008,2.5755,0.2541,101.283,0.707852,0.001201,0.002199,0.001382,0.001358
4994,hnd,2004,oservices,4.8478,0.499,0.1489,7.6814,2.3468,2.6654,2.0775,0.2921,0.6269,0.2812,0.3179,0.043,0.2929,0.438,0.5344,2.0114,0.581,0.0428,1.9474,1.563,0.9778,0.8171,0.7062,0.5941,0.2418,0.3772,1815.31,oservices,2.572,0.2679,0.0001,2.118,0.4881,2.6655,1.7392,0.0376,0.6328,0.1252,0.4558,0.0308,0.2918,0.0747,0.0658,0.9174,0.1391,0.0031,0.0036,0.1462,0.4927,0.7963,0.0688,0.1653,0.0746,0.0921,64.8418,0.82105,0.015758,0.047758,0.032127,0.029057
5021,hrv,2004,oservices,13.05,2.4698,-2.7987,11.1129,3.7641,0.1836,2.7508,0.2644,2.4461,3.1489,4.7115,3.7445,0.1725,2.992,2.4246,10.8748,4.9172,1.7637,12.769,9.9579,20.6394,3.7442,0.0028,0.0017,27.8718,4.0859,5637.99,oservices,1.1701,0.8618,0.7388,2.5047,0.9422,0.1775,2.4288,0.2043,2.7364,1.5104,3.1945,1.7714,0.1836,1.2989,4.6663,4.27,1.6586,0.4451,1.3135,3.5462,13.5011,1.3363,0.001,0.0007,9.6656,1.9636,171.499,0.975728,0.01071,0.02951,0.023027,0.017114
5046,hun,2004,obsict,176.992,10.1338,44.1043,695.239,193.291,48.2478,52.5859,25.5497,51.4107,170.514,364.997,43.5219,79.0832,74.7148,384.922,1504.83,50.9194,47.3482,596.29,2164.7,338.694,264.67,109.681,143.283,9341.27,659.37,652.187,obsict,80.205,5.1509,43.5195,156.288,19.2821,44.8024,32.9514,18.5147,53.0615,91.3234,343.656,39.9649,83.1379,72.135,360.609,1402.02,17.7435,2.511,7.4779,263.037,188.042,40.272,27.1809,11.9369,1472.42,230.553,14.3078,0.64372,0.033112,0.075137,0.162934,0.05434
5048,hun,2004,oservices,44.7027,3.7996,7.9045,166.432,42.4042,14.1974,21.5278,4.371,14.2926,25.7943,54.2238,7.3914,18.1044,13.5583,79.2008,163.407,11.2534,12.3738,131.955,383.959,79.914,43.5627,16.4269,32.969,155.454,148.106,11072.5,oservices,20.2572,1.9313,7.7997,37.4135,4.2301,13.1835,13.4898,3.1674,14.7515,13.8148,51.0533,6.7873,19.0326,13.0901,74.198,152.244,3.9214,0.6562,1.6548,46.6556,44.368,6.6285,4.0709,2.7466,24.5036,51.7861,242.911,0.728134,0.005302,0.013608,0.027877,0.009015
5051,idn,2004,energy,159.907,244.184,19255.1,789.034,169.936,268.841,87.239,126.172,153.889,253.603,1519.72,233.552,534.836,58.295,210.223,816.822,286.155,101.988,1513.72,668.988,1321.57,62.4963,45.5194,12.2288,91.6392,165.458,1001.38,energy,23.7036,104.31,12296.3,198.919,9.3238,160.846,84.7634,82.4031,139.511,200.766,1000.31,181.326,539.486,41.3207,51.9068,684.589,154.234,3.4774,15.4135,18.4552,305.703,18.171,3.9156,0.7493,9.2939,14.4926,11.1245,0.546556,0.174473,0.251889,0.242016,0.196909
5068,idn,2004,distribution,308.499,145.941,304.265,2337.57,393.001,400.977,239.557,188.488,542.684,180.168,637.414,51.1264,123.902,50.1481,260.778,1450.68,207.782,20.2609,3230.78,13435.2,760.287,50.456,60.0738,15.4197,141.528,247.437,1988.46,distribution,45.7299,62.3424,194.304,589.313,21.5626,239.901,232.759,123.102,491.981,142.631,419.555,39.6937,124.98,35.546,64.3897,1215.83,111.992,0.6908,32.8975,370.634,175.869,14.6703,5.1676,0.9448,14.3535,21.6731,22.0901,0.558403,0.006651,0.00981,0.071246,0.007747
5075,idn,2004,oservices,18.4574,17.3975,45.518,122.46,23.9013,22.0013,11.9601,11.7701,28.6694,40.6091,69.2532,4.5952,13.2352,3.6146,18.4326,91.9008,12.672,1.5538,251.366,592.731,87.7027,24.518,30.9367,11.572,70.4771,96.3154,46985.3,oservices,2.736,7.4318,29.0679,30.8727,1.3114,13.1632,11.6207,7.6871,25.9908,32.1484,45.5835,3.5676,13.3502,2.5621,4.5513,77.0232,6.83,0.053,2.5595,16.3515,20.2873,7.1287,2.6612,0.709,7.1477,8.4363,521.967,0.794935,0.007351,0.015435,0.013359,0.009075
5095,ind,2004,distribution,3953.28,258.112,786.109,7463.07,742.731,2798.37,1283.14,442.148,33.4228,237.48,1603.81,188.665,1116.03,636.975,1618.05,3043.02,1234.22,25.9293,10870.8,48473.9,5324.94,114.027,150.797,181.332,880.911,30.3848,1703.8,distribution,173.276,87.5671,309.047,613.478,12.1565,1046.7,846.746,285.907,27.9315,39.2418,868.223,121.77,743.94,203.608,268.497,470.154,703.865,0.0728,48.5407,753.826,929.075,22.0272,5.4348,54.5422,467.77,1.4966,15.2599,0.714184,0.008483,0.0156,0.097869,0.010179
5102,ind,2004,oservices,8.1314,1.9406,2.8328,16.2187,2.2545,14.5382,5.4259,1.1904,0.1105,1.0918,5.7908,0.7249,2.8931,2.3266,12.8863,22.4584,9.8624,0.3913,28.9212,12.8958,131.58,3.4487,1.2245,0.7207,294.3,2.5582,108233.0,oservices,0.3564,0.6584,1.1137,1.3332,0.0369,5.4379,3.5806,0.7698,0.0924,0.1804,3.1348,0.4679,1.9285,0.7437,2.1383,3.4699,5.6245,0.0011,0.1291,0.2005,22.9575,0.6662,0.0441,0.2168,156.275,0.126,969.378,0.906196,0.009011,0.021028,0.012674,0.011195
5122,irl,2004,distribution,17.5996,14.6149,7.8625,495.285,95.9749,14.6629,3.6448,2.9838,12.1568,211.711,4537.56,8.5678,7.488,14.2657,16.1438,1353.58,14.2896,0.0427,318.99,6153.49,377.033,22.9721,52.0058,112.672,919.86,33.7021,392.454,distribution,10.6082,9.9127,1.1184,342.89,66.3756,13.8829,3.2538,2.7164,10.3576,103.259,4604.25,7.1412,8.1761,13.5659,13.9939,1314.77,18.6037,0.0015,0.71,2237.31,248.19,7.7457,36.1846,107.849,739.264,6.4741,12.9467,0.582474,0.023353,0.032563,0.096412,0.028005
5127,irl,2004,obsict,24.7822,29.9113,11.6807,452.047,88.0505,20.9406,7.8808,2.9915,13.4626,139.046,5813.99,10.9677,8.9849,19.2395,28.0969,1648.09,29.1915,0.0755,1148.3,383.022,180.937,32.5083,107.489,382.639,16221.5,88.786,1098.62,obsict,14.9375,20.2876,1.6616,312.955,60.8951,19.8265,7.0353,2.7234,11.4702,67.8177,5899.44,9.1415,9.8106,18.2958,24.3553,1600.83,38.0047,0.0026,2.5558,139.261,119.105,10.9611,74.7885,366.262,13036.8,17.0557,36.2427,0.591815,0.125234,0.177421,0.212603,0.154125
5129,irl,2004,oservices,15.9182,6.382,6.9938,53.1907,5.9353,1.3965,0.4464,0.2543,1.8488,3.0316,109.83,1.3411,2.6309,10.2682,2.4354,54.4671,1.843,0.0123,120.343,38.0156,19.1447,5.9635,11.5017,31.1009,111.014,28.7058,21394.3,oservices,9.5947,4.3287,0.9949,36.8243,4.1048,1.3222,0.3985,0.2315,1.5752,1.4786,111.444,1.1178,2.8727,9.7646,2.1111,52.9054,2.3994,0.0004,0.2678,13.8219,12.6024,2.0108,8.0027,29.7698,89.219,5.5143,705.78,0.679019,0.006171,0.010031,0.010769,0.007985
5156,irn,2004,oservices,13.0386,1.207,70.4741,10.5774,0.3243,1.4286,0.2246,0.2523,0.0117,0.1308,2.3389,0.4897,1.4749,1.7515,5.6604,4.1241,0.6782,1.2163,14.4201,16.2275,6.2097,0.4213,2.1464,0.4345,3.6644,13.9124,27213.2,oservices,1.6262,0.5112,54.1893,0.3098,0.0229,0.7244,0.044,0.0793,0.0077,0.0424,1.522,0.217,1.4758,0.0732,0.1553,0.4399,0.0348,0.0095,0.0036,0.1022,1.2226,0.0056,0.1191,0.3235,0.0923,0.1788,82.3203,0.79026,0.002414,0.003257,0.003657,0.002375
5181,isr,2004,obsict,169.199,209.311,41.0783,375.729,104.056,114.424,61.0218,10.6173,10.9674,68.4673,704.512,14.9579,35.1879,92.1295,56.1904,1062.27,722.614,37.6515,672.326,1471.09,848.512,233.777,99.3571,73.4984,6372.29,513.516,2367.52,obsict,74.35,200.806,29.7412,50.5967,4.5284,97.2516,35.9031,5.9488,9.9218,25.4516,665.508,11.5481,34.9928,55.6221,42.3583,874.42,688.906,1.455,19.2951,190.22,615.818,22.39,5.8046,6.0869,4705.02,38.5886,23.4332,0.643896,0.120362,0.206265,0.259814,0.173829
5183,isr,2004,oservices,25.0554,17.8176,4.2539,32.3574,5.7291,4.7291,1.7764,0.2885,0.8678,3.3873,41.8679,1.1964,2.0597,6.2998,2.8049,80.4083,21.7239,12.0845,44.6408,93.337,51.1481,18.1665,63.7938,31.9277,98.1959,64.2193,34171.9,oservices,11.01,17.0936,3.0799,4.3573,0.2493,4.0193,1.0451,0.1616,0.7851,1.2592,39.55,0.9237,2.0483,3.8034,2.1144,66.1889,20.7106,0.467,1.2812,12.0689,37.1214,1.7399,3.727,2.6441,72.5035,4.8258,338.225,0.63979,0.008892,0.01514,0.019876,0.012446
5186,ita,2004,energy,329.181,78.4002,-7563.92,1232.29,456.532,661.842,508.692,362.608,237.649,576.042,2331.05,576.977,743.166,286.694,1065.59,2862.2,424.942,159.42,2692.35,4030.04,5495.31,244.66,98.7866,59.0673,1237.08,375.206,2362.51,energy,89.3294,27.4497,2392.64,261.794,145.919,418.61,165.09,194.736,207.407,228.093,1722.54,447.59,820.067,247.148,607.212,1615.89,130.898,3.8824,26.2059,208.604,2254.2,27.7705,7.1519,12.3953,148.449,36.7525,17.6642,0.271724,0.017109,0.014685,0.041835,0.010548
5193,ita,2004,paperpub,39.6401,16.4539,-63.4839,911.042,243.021,286.247,363.713,269.667,133.569,7920.6,889.691,152.772,122.921,138.628,535.437,1763.74,405.979,36.8638,1588.24,3662.38,775.154,372.285,126.566,128.038,1341.14,424.482,2098.56,paperpub,10.7571,5.7609,20.0814,193.547,77.6755,181.049,118.039,144.823,116.572,3136.28,657.442,118.513,135.641,119.507,305.112,995.743,125.056,0.8977,15.4591,189.573,317.972,42.2567,9.163,26.8689,160.936,41.5791,15.6907,0.322242,0.018771,0.019107,0.024439,0.019962
5194,ita,2004,chemicals,159.137,33.8724,-114.859,899.775,338.297,1000.72,560.014,617.039,187.239,481.02,22809.4,264.259,272.08,214.485,1536.36,3274.02,587.271,102.835,2772.69,2788.48,758.399,138.316,47.4646,32.7404,912.582,383.768,3359.62,chemicals,43.1847,11.8595,36.3326,191.153,108.128,632.947,181.746,331.377,163.412,190.467,16855.1,204.999,300.235,184.9,875.474,1848.39,180.901,2.5043,26.9878,144.338,311.099,15.6997,3.4363,6.8706,109.509,37.5911,25.1195,0.288974,0.113628,0.103721,0.077268,0.10549
5197,ita,2004,fabmetals,42.0576,24.3873,-122.38,500.252,143.538,252.254,220.794,220.791,324.64,153.794,647.802,158.875,451.824,6861.33,4134.0,10045.8,719.685,105.731,7037.12,2215.56,662.133,181.439,52.6272,31.4381,973.473,154.226,1694.5,fabmetals,11.4131,8.5385,38.7116,106.276,45.8782,159.549,71.6563,118.574,283.328,60.897,478.697,123.247,498.578,5914.9,2355.71,5671.51,221.689,2.5749,68.4955,114.682,271.61,20.5945,3.8101,6.5973,116.816,15.1068,12.6696,0.360161,0.034891,0.039695,0.056388,0.035831
5199,ita,2004,machinery,40.1371,34.502,-188.231,520.232,196.426,333.911,311.204,228.001,128.209,226.152,866.184,169.642,235.604,331.079,2713.18,63269.6,420.089,97.729,4184.71,3158.45,1033.77,450.509,80.0201,47.2732,1370.47,258.8,3045.85,machinery,10.892,12.08,59.5418,110.521,62.7827,211.196,100.998,122.447,111.894,89.5485,640.071,131.6,259.984,285.411,1546.07,35719.6,129.403,2.38,40.7317,163.489,424.058,51.1356,5.7932,9.9203,164.456,25.3501,22.7734,0.304564,0.243136,0.233911,0.135967,0.242275
5202,ita,2004,construction,58.092,13.827,-91.8065,420.948,149.573,202.037,323.648,144.278,69.0454,189.727,368.039,105.881,84.5187,100.861,347.85,1135.13,184.25,854.78,100267.0,2726.0,864.612,780.258,139.409,90.6471,1627.06,294.798,2970.29,construction,15.7644,4.8412,29.0405,89.4286,47.8072,127.787,105.036,77.4837,60.2592,75.1255,271.965,82.1374,93.2646,86.9487,198.218,640.853,56.7557,20.8166,975.942,141.104,354.668,88.5641,10.0928,19.0224,195.247,28.8763,22.2085,0.425264,0.00529,0.007106,0.013153,0.005966
5203,ita,2004,distribution,71.5492,32.2468,-82.3244,1096.0,280.646,558.79,622.434,396.782,215.775,370.194,849.233,240.215,196.76,258.171,813.808,2869.25,488.738,52.8558,2597.62,46085.4,1154.14,197.568,97.2646,69.3731,1468.03,400.446,2496.87,distribution,19.4162,11.2903,26.0411,232.84,89.7016,353.431,202.004,213.089,188.317,146.584,627.545,186.347,217.121,222.559,463.739,1619.87,150.549,1.2872,25.2838,2385.49,473.435,22.4253,7.0417,14.558,176.163,39.2248,18.6688,0.189408,0.026885,0.016085,0.027298,0.028912
5204,ita,2004,transport,56.3051,24.2688,-63.6863,896.675,230.885,306.064,483.848,393.444,113.235,250.659,705.245,179.079,131.92,150.969,764.298,1826.41,325.81,36.4109,2632.28,5519.39,17828.4,321.044,121.42,70.7112,1738.81,306.402,1480.61,transport,15.2794,8.4971,20.1455,190.495,73.7967,193.583,157.027,211.297,98.8254,99.2525,521.144,138.921,145.57,130.145,435.526,1031.13,100.361,0.8867,25.6212,285.696,7313.29,36.4405,8.7904,14.8388,208.656,30.0129,11.0703,0.208997,0.068033,0.044914,0.038615,0.063278
5205,ita,2004,communcation,39.804,22.5219,-122.271,553.753,146.502,243.549,351.122,195.475,106.559,212.125,480.808,125.016,112.36,132.895,527.697,1653.35,263.592,56.7676,2464.71,4395.69,1214.38,12203.0,438.101,267.953,2227.45,643.926,3658.67,communcation,10.8016,7.8854,38.677,117.642,46.8259,154.043,113.953,104.979,92.9992,83.9941,355.296,96.9811,123.987,114.564,300.702,933.422,81.1961,1.3825,23.9901,227.531,498.144,1385.12,31.7172,56.2301,267.292,63.0743,27.3554,0.514115,0.006541,0.010623,0.017988,0.007794
5206,ita,2004,finance,250.081,68.247,-246.351,1708.45,447.337,812.466,1100.45,647.221,312.339,484.215,1405.88,329.001,454.025,538.487,1748.96,5344.56,934.79,129.229,6704.51,10598.0,2462.43,662.833,15491.7,4082.69,4938.25,904.466,6448.45,finance,67.8643,23.8949,77.9266,362.953,142.98,513.878,357.137,347.586,272.593,191.732,1038.88,255.222,501.007,464.211,996.622,3017.34,287.949,3.1471,65.2581,548.576,1010.1,75.2356,1121.55,856.756,592.588,88.5949,48.2143,0.589587,0.003773,0.007027,0.044735,0.004776
5208,ita,2004,obsict,582.549,265.818,-839.385,7425.31,1936.87,3291.99,4959.5,3165.44,1248.19,2759.01,6746.1,1670.6,1535.03,1996.28,8024.68,22198.8,3453.82,588.051,28329.7,53783.7,10166.6,4006.17,2573.53,1723.1,147193.0,6982.07,33768.9,obsict,158.085,93.0691,265.517,1577.47,619.074,2082.16,1609.55,1699.98,1089.36,1092.47,4985.07,1295.97,1693.87,1720.92,4572.77,12532.6,1063.9,14.3209,275.746,2783.97,4170.4,454.725,186.316,361.594,17663.1,683.913,252.486,0.659494,0.055449,0.115513,0.218136,0.06873
5209,ita,2004,oconsumer,30.4476,14.5475,-38.5191,846.151,218.703,244.161,498.633,235.118,71.3331,358.849,520.591,98.7304,60.1992,81.1087,354.708,1053.9,194.266,22.3916,1323.47,2961.93,323.737,214.002,81.893,58.8955,1158.73,40924.1,2624.89,oconsumer,8.2625,5.0934,12.1845,179.761,69.9031,154.43,161.826,126.269,62.2558,142.092,384.694,76.5901,66.4285,69.9209,202.126,594.99,59.841,0.5453,12.882,153.316,132.799,24.2906,5.9288,12.3593,139.047,4008.63,19.626,0.610848,0.014142,0.027288,0.02311,0.017543
5210,ita,2004,oservices,95.6801,15.343,-135.697,690.388,179.747,326.817,317.815,251.206,97.3232,216.892,656.157,121.327,155.932,149.649,618.385,1606.68,300.409,155.959,2655.18,3516.9,673.489,262.851,117.114,78.0325,1315.05,404.647,290626.0,oservices,25.9646,5.3719,42.924,146.67,57.4518,206.709,103.143,134.908,84.9385,85.8817,484.871,94.1196,172.067,129.007,352.379,907.071,92.537,3.7981,25.8441,182.043,276.268,29.8352,8.4787,16.3752,157.806,39.6363,2172.97,0.696804,0.007294,0.016055,0.020267,0.009119
5213,jpn,2004,energy,603.904,230.023,-3886.49,2960.8,765.872,158.554,73.0523,24.916,10.2647,171.837,3789.71,295.241,1310.16,340.967,4017.06,10307.4,514.473,137.749,7769.24,8771.97,7412.25,667.264,119.212,584.194,1877.42,2854.93,16141.4,energy,6.4283,31.1394,1362.69,40.5797,10.8888,132.527,6.1651,3.0303,11.6533,129.123,2963.84,295.486,1546.0,272.724,2428.18,5873.46,157.274,0.4589,96.593,155.711,2226.27,7.9411,16.9016,10.6488,134.126,36.2165,52.0148,0.28829,0.005973,0.005993,0.032485,0.004333
5220,jpn,2004,paperpub,433.155,27.8766,-61.3294,2746.47,1011.81,96.5214,69.3438,27.1613,5.6677,2458.31,1276.99,91.2243,143.243,98.3795,1844.47,5177.98,424.402,53.5213,4078.16,7107.17,1591.12,780.127,338.956,1411.55,3497.99,1594.17,11482.3,paperpub,4.6107,3.7738,21.5035,37.6422,14.3854,80.6773,5.8521,3.3034,6.4344,1847.24,998.701,91.3,169.028,78.6893,1114.92,2950.58,129.739,0.1783,50.7028,126.16,477.892,9.2842,48.0564,25.7301,249.903,20.2229,37.001,0.375507,0.005736,0.007496,0.01552,0.005839
5221,jpn,2004,chemicals,783.51,48.9861,-47.4726,2421.23,1104.16,522.797,214.193,65.4894,11.3788,145.779,31208.4,93.0908,229.972,118.467,8238.24,10781.2,781.203,163.341,5557.52,3283.15,913.034,309.691,82.601,428.304,1709.85,1548.5,21847.6,chemicals,8.3401,6.6315,16.645,33.1845,15.6984,436.979,18.0763,7.9649,12.9182,109.542,24407.4,93.168,271.368,94.7563,4979.73,6143.49,238.812,0.5442,69.0953,58.2792,274.23,3.6856,11.711,7.8072,122.155,19.6436,70.4025,0.239232,0.105346,0.087701,0.067706,0.096672
5223,jpn,2004,metals,57.2187,39.153,-53.2112,461.813,460.928,16.3171,13.0458,7.7155,2.746,13.2375,497.614,59.3337,9685.6,1364.22,12037.1,21217.5,552.984,26.4749,12628.8,1315.99,552.956,141.371,28.6266,133.28,784.302,362.66,3105.42,metals,0.6091,5.3003,18.6571,6.3294,6.5533,13.6386,1.101,0.9384,3.1175,9.947,389.172,59.3829,11429.1,1091.18,7276.05,12090.4,169.046,0.0882,157.01,23.3601,166.08,1.6824,4.0586,2.4295,56.032,4.6006,10.007,0.208675,0.043686,0.031724,0.059522,0.040276
5224,jpn,2004,fabmetals,78.4674,20.6511,-32.9586,629.404,1348.8,17.1899,18.4704,14.4167,5.2063,11.6769,594.899,43.3567,102.543,5053.43,2452.33,8363.46,340.471,34.4849,20506.9,1927.04,436.179,118.602,21.5965,104.935,488.278,417.998,3552.98,fabmetals,0.8352,2.7956,11.556,8.6264,19.1767,14.3681,1.5588,1.7534,5.9107,8.7743,465.257,43.3926,121.001,4042.01,1482.35,4765.76,104.081,0.1149,254.958,34.2069,131.006,1.4115,3.0619,1.9128,34.8835,5.3025,11.4493,0.394377,0.014593,0.020028,0.020885,0.015208
5226,jpn,2004,machinery,66.9326,19.6401,-33.7816,384.282,151.202,23.0257,16.7344,6.2211,1.6742,16.5172,370.67,30.2055,105.097,66.9896,8393.39,183466.0,224.26,30.8839,4773.4,2636.33,909.571,438.327,90.7253,401.597,3108.27,735.646,4921.64,machinery,0.7125,2.6588,11.8446,5.2668,2.1497,19.246,1.4123,0.7566,1.9007,12.4115,289.893,30.2306,124.016,53.582,5073.52,104545.0,68.5558,0.1029,59.3464,46.7976,273.189,5.2165,12.8628,7.3204,222.061,9.3321,15.8597,0.282736,0.431587,0.424638,0.200048,0.430841
5227,jpn,2004,othermanuf,32.6001,13.5458,-29.5377,215.167,139.896,13.7119,33.6524,11.9974,1.2066,13.551,270.488,23.012,202.383,39.1134,679.5,1329.51,7710.63,13.1137,3163.95,1287.09,311.032,183.611,43.4339,197.682,691.415,660.182,4232.76,othermanuf,0.347,1.8338,10.3566,2.949,1.989,11.461,2.84,1.4591,1.3698,10.1826,211.542,23.0311,238.813,31.2851,410.735,757.597,2357.13,0.0437,39.3366,22.8472,93.4183,2.1851,6.158,3.6034,49.3961,8.3748,13.6398,0.325436,0.01056,0.01196,0.007782,0.010863
5228,jpn,2004,water,53.1853,6.8845,-11.7645,423.187,175.021,24.79,9.2019,3.2009,0.8265,14.1702,294.823,14.7146,60.1193,21.1291,442.912,1012.86,47.7239,7830.24,712.93,1534.92,367.909,164.999,21.1443,123.213,245.921,1026.04,4151.49,water,0.5661,0.932,4.1249,5.8001,2.4884,20.7207,0.7766,0.3893,0.9383,10.6479,230.574,14.7269,70.9412,16.9002,267.725,577.159,14.5891,26.0871,8.8637,27.2464,110.502,1.9636,2.9978,2.246,17.569,13.0159,13.3779,0.631824,5.5e-05,0.00012,0.002641,6.2e-05
5229,jpn,2004,construction,179.247,28.6558,-243.634,670.696,217.346,41.7213,29.6581,7.4461,2.8022,34.9361,772.338,73.2878,249.977,108.273,1337.22,3294.3,133.525,249.604,215168.0,3370.07,1561.06,465.424,70.8821,370.016,756.382,1186.21,18249.0,construction,1.908,3.8793,85.4237,9.1923,3.0901,34.8726,2.5029,0.9056,3.1813,26.2519,604.028,73.3487,294.975,86.6026,808.305,1877.19,40.8185,0.8316,2675.13,59.8223,468.863,5.539,10.0495,6.7447,54.0374,15.0478,58.8063,0.437036,0.009175,0.013954,0.013189,0.009915
5230,jpn,2004,distribution,2043.62,242.391,-369.954,14215.5,3447.08,632.745,533.578,235.999,48.9386,434.262,6421.44,391.765,1836.0,887.585,22226.6,42260.2,2080.96,301.732,38180.1,460425.0,9521.99,2850.74,669.386,3009.98,18431.0,7023.87,50277.2,distribution,21.7533,32.8137,129.714,194.833,49.009,528.879,45.0301,28.7027,55.5591,326.316,5022.06,392.09,2166.5,709.939,13435.2,24081.2,636.147,1.0052,474.683,8173.02,2859.93,33.9265,94.904,54.8665,1316.75,89.1018,162.015,0.611564,0.018896,0.040215,0.110249,0.021173
5231,jpn,2004,transport,1298.01,325.669,-250.287,6408.15,1474.93,249.556,158.682,63.2539,30.5358,176.199,2626.44,323.801,935.261,416.492,7817.19,14376.3,1627.46,126.751,22401.8,23613.7,89148.6,1574.51,344.984,2186.44,4299.35,4671.5,24543.5,transport,13.8167,44.0875,87.7564,87.8278,20.9699,208.591,13.3916,7.6931,34.6667,132.401,2054.08,324.069,1103.61,333.133,4725.23,8192.05,497.512,0.4223,278.516,419.167,26775.8,18.7382,48.911,39.8549,307.154,59.2606,79.09,0.454851,0.079172,0.125318,0.082815,0.083829
5232,jpn,2004,communcation,174.452,36.634,-79.6347,1023.73,346.15,74.6593,54.899,17.3469,4.2833,43.5799,1000.01,55.3048,189.628,115.336,2149.02,4972.07,244.936,101.547,6321.46,12712.9,2141.04,43559.8,390.912,1517.11,4724.49,1901.93,12028.1,communcation,1.857,4.9593,27.9218,14.0309,4.9214,62.4038,4.6331,2.1098,4.8627,32.7471,782.083,55.3507,223.762,92.2522,1299.01,2833.24,74.8765,0.3383,78.5931,225.667,643.062,518.401,55.4227,27.6541,337.527,24.127,38.7597,0.538606,0.00133,0.002493,0.013476,0.001499
5233,jpn,2004,finance,627.107,169.167,-383.944,3601.33,1284.07,426.246,296.228,58.674,18.8166,159.262,2611.61,247.511,770.272,385.952,7050.07,15428.8,1139.91,176.22,15014.4,32449.1,6967.71,2217.71,15731.8,3284.54,9325.48,3948.18,39068.7,finance,6.6752,22.901,134.62,49.3585,18.2564,356.276,24.9995,7.136,21.3622,119.674,2042.48,247.717,908.925,308.706,4261.53,8791.83,348.467,0.5871,186.671,576.004,2092.75,26.3928,2230.41,59.8712,666.23,50.0849,125.896,0.601221,0.004827,0.010099,0.042728,0.00544
5235,jpn,2004,obsict,1777.44,378.564,-945.05,10696.2,4200.64,646.26,469.918,174.897,44.4406,444.502,8673.74,626.367,1907.97,1046.53,21761.5,50124.8,2150.01,790.915,51009.7,68707.2,24602.0,12918.0,2856.74,12720.6,102891.0,15965.0,95172.5,obsict,18.92,51.248,331.356,146.598,59.7228,540.175,39.6578,21.2714,50.4526,334.011,6783.54,626.887,2251.42,837.069,13154.1,28562.7,657.256,2.635,634.191,1219.62,7389.2,153.737,405.022,231.874,7350.75,202.525,306.688,0.456821,0.018937,0.030104,0.130538,0.021092
5236,jpn,2004,oconsumer,49.7163,11.2854,-22.0587,285.81,103.11,17.3121,12.4824,4.5301,1.1751,11.1515,230.287,15.6679,50.9625,26.6172,600.234,1343.01,62.5991,19.5738,1356.94,2589.11,590.573,839.179,65.0692,286.762,2025.74,120661.0,6389.21,oconsumer,0.5292,1.5278,7.7343,3.9172,1.466,14.4703,1.0534,0.551,1.3341,8.3795,180.102,15.6809,60.1361,21.2899,362.821,765.292,19.1364,0.0652,16.8705,45.9593,177.379,9.987,9.2254,5.2272,144.723,1530.65,20.5888,0.656058,0.003459,0.007896,0.00618,0.003908
5237,jpn,2004,oservices,382.645,70.5449,-302.121,2417.57,1036.65,254.005,117.904,35.8963,7.5665,96.0184,6488.62,273.381,696.756,283.879,16163.9,36919.1,705.361,235.785,8553.13,10426.6,3021.27,1840.27,236.012,1283.98,5050.84,3993.98,1200000.0,oservices,4.0731,9.55,105.93,33.1343,14.7386,212.31,9.9502,4.3658,8.5901,72.1508,5074.6,273.608,822.176,227.062,9770.55,21037.7,215.628,0.7855,106.339,185.083,907.438,21.901,33.4612,23.4047,360.842,50.6659,3803.49,0.729916,0.00773,0.019633,0.078272,0.008786
5240,kaz,2004,energy,191.88,37.9437,7178.01,176.391,7.0202,7.4481,5.3579,7.6275,8.8773,9.3324,120.195,8.1745,438.401,8.8826,10.4051,80.2121,29.1699,3.8885,189.249,167.955,59.234,31.7509,-0.5461,0.4015,-0.0975,72.4707,580.818,energy,31.0099,37.2316,6767.92,11.7912,0.3874,1.1394,0.3382,2.3119,0.3086,0.7106,70.3868,0.7564,413.074,1.2445,2.0225,15.5299,2.6107,0.1563,0.5463,5.9528,39.1404,3.2466,0.0642,0.0356,2.8597,5.0902,32.7894,0.379807,0.627021,0.659688,0.413337,0.641892
5258,kaz,2004,transport,312.557,112.464,1712.17,850.226,41.5352,5.6645,2.5464,4.342,12.3527,4.8599,47.4555,21.8519,285.916,9.4112,6.3695,53.8871,9.3179,1.4248,2001.87,235.23,1232.87,33.1591,-2.1982,4.2374,-0.2983,83.8788,309.059,transport,50.5128,110.353,1614.35,56.8351,2.2921,0.8665,0.1608,1.3161,0.4293,0.3701,27.7903,2.0219,269.399,1.3186,1.2381,10.4331,0.834,0.0573,5.7785,8.3373,814.654,3.3906,0.2586,0.3761,8.7487,5.8915,17.4476,0.520372,0.052093,0.075091,0.167333,0.057049
5260,kaz,2004,finance,155.566,26.6516,628.57,118.038,5.0194,1.135,0.747,0.9782,1.4698,1.4342,12.538,1.9202,114.743,1.5819,1.5651,11.2938,2.9858,0.4822,129.386,45.0386,60.1749,28.4409,-130.059,0.2781,-0.0743,23.2002,266.176,finance,25.1413,26.1514,592.659,7.8905,0.277,0.1736,0.0472,0.2965,0.0511,0.1092,7.3423,0.1777,108.114,0.2216,0.3042,2.1866,0.2672,0.0194,0.3735,1.5963,39.7621,2.9082,15.3016,0.0247,2.1792,1.6295,15.0266,0.706424,0.000791,0.001548,0.047181,0.000953
5262,kaz,2004,obsict,252.236,60.0685,1447.45,214.735,110.029,2.3193,1.7156,2.1205,2.9175,8.799,31.4111,3.9457,224.966,3.1346,5.3424,39.2748,12.4246,1.5962,196.456,91.4398,82.4233,37.2738,-9.7453,0.4235,-4.5562,61.0674,555.675,obsict,40.7641,58.9412,1364.75,14.3544,6.072,0.3548,0.1083,0.6427,0.1014,0.67,18.3946,0.3651,211.97,0.4392,1.0384,7.604,1.112,0.0641,0.5671,3.2409,54.4634,3.8114,1.1465,0.0376,133.648,4.2893,31.37,0.533121,0.008387,0.012386,0.108781,0.009041
5264,kaz,2004,oservices,12.1344,1.28,41.9637,20.3817,1.7054,0.1098,0.1526,0.1091,0.1103,0.1394,0.9403,0.3375,17.2407,0.1724,0.6063,3.0501,0.2266,1.2454,12.7552,8.8612,4.0274,2.5837,-0.0539,0.0273,-0.012,9.4655,2916.03,oservices,1.9611,1.256,39.5663,1.3625,0.0941,0.0168,0.0096,0.0331,0.0038,0.0106,0.5507,0.0312,16.2447,0.0242,0.1179,0.5905,0.0203,0.05,0.0368,0.3141,2.6612,0.2642,0.0063,0.0024,0.352,0.6648,164.621,0.459898,0.014898,0.01898,0.012811,0.016028
5268,ken,2004,procfoods,215.642,2.1141,2.7338,1506.63,88.1768,11.795,31.0698,33.9381,1.5227,1.5871,39.8266,5.3402,1.2232,0.4442,0.4876,3.304,7.2089,1.5055,6.8797,0.398,5.0252,0.65,5.7067,16.3526,38.9971,16.2582,725.923,procfoods,48.5455,0.5286,0.7366,245.111,3.1361,4.1223,14.2064,12.2661,0.1507,0.5898,20.1286,3.5246,1.2171,0.3494,0.3683,0.8451,1.7899,0.0473,0.0142,0.0437,2.9974,0.2056,0.3447,2.6314,2.2635,0.0687,75.2313,0.437049,0.085204,0.081956,0.142019,0.096504
5269,ken,2004,bevtobacco,99.6711,0.9904,1.4152,8.4924,835.77,5.9765,15.0892,17.5182,0.6974,0.6995,20.3597,1.4491,0.4818,0.1743,0.3597,2.4293,4.6057,0.7869,2.5415,0.1737,2.7308,0.3031,11.1311,5.9323,13.3149,8.3792,373.573,bevtobacco,22.4381,0.2477,0.3813,1.3816,29.725,2.0887,6.8994,6.3315,0.069,0.26,10.2899,0.9564,0.4794,0.1371,0.2717,0.6214,1.1436,0.0247,0.0053,0.0191,1.6288,0.0959,0.6723,0.9546,0.7728,0.0354,38.7154,0.555712,0.009958,0.012179,0.040742,0.012007
5284,ken,2004,distribution,327.782,2.5781,4.6675,93.1273,45.8009,16.9881,45.2597,5.3727,7.7164,5.5339,14.7421,1.299,2.8482,1.1726,1.5261,7.1893,2.5537,4.1937,11.5306,18.8922,6.5947,0.7123,1.3196,1.752,5.205,2.6222,150.14,distribution,73.7906,0.6447,1.2576,15.1507,1.629,5.9372,20.6947,1.9418,0.7639,2.0564,7.4508,0.8573,2.8339,0.9224,1.1526,1.839,0.6341,0.1317,0.0239,2.0754,3.9336,0.2252,0.0797,0.2819,0.3021,0.0111,15.5598,0.668812,0.0007,0.00103,0.052173,0.000869
5285,ken,2004,transport,51.8769,3.4393,4.4369,29.6609,16.23,3.0363,8.096,1.3649,2.261,1.9719,5.1192,1.8402,1.4149,0.36,0.3981,2.003,1.6288,2.0611,5.2752,0.9582,820.395,1.5443,2.1643,1.9068,4.0751,1.3004,180.537,transport,11.6786,0.86,1.1955,4.8255,0.5772,1.0611,3.7018,0.4933,0.2238,0.7328,2.5873,1.2145,1.4078,0.2832,0.3007,0.5124,0.4044,0.0647,0.0109,0.1053,489.344,0.4884,0.1307,0.3068,0.2365,0.0055,18.7101,0.618708,0.170571,0.232266,0.174188,0.171974
5286,ken,2004,communcation,23.2344,0.8849,1.1828,9.2826,5.1227,1.8658,5.7332,0.5779,0.7973,0.8597,1.942,0.2683,0.4145,0.1645,0.1754,1.0329,0.4492,0.9186,1.9054,0.998,7.2099,339.633,3.629,3.1959,6.5425,0.4626,150.626,communcation,5.2306,0.2213,0.3187,1.5102,0.1822,0.6521,2.6215,0.2089,0.0789,0.3195,0.9815,0.1771,0.4125,0.1294,0.1325,0.2642,0.1115,0.0289,0.0039,0.1096,4.3005,107.403,0.2192,0.5143,0.3797,0.002,15.6102,0.892184,0.026246,0.051537,0.045721,0.035478
5289,ken,2004,obsict,67.1018,4.1651,11.083,47.5702,28.5481,15.2958,62.3907,3.959,5.5048,7.0665,14.23,1.387,3.4091,1.3151,1.3377,6.8614,2.4785,5.6728,9.4335,2.0062,15.3845,2.9968,11.5125,6.9917,213.112,3.0086,125.642,obsict,15.106,1.0415,2.9862,7.7391,1.0153,5.3458,28.5277,1.4309,0.5449,2.6259,7.1919,0.9154,3.392,1.0345,1.0104,1.7551,0.6154,0.1782,0.0195,0.2204,9.1765,0.9477,0.6954,1.1251,12.3694,0.0127,13.0209,0.590709,0.004495,0.005843,0.038618,0.005472
5291,ken,2004,oservices,0.1579,0.0196,0.4103,0.211,0.1142,0.0127,0.0297,0.0082,0.0087,0.013,0.0778,0.0077,0.0562,0.0049,0.0054,0.0317,0.0126,0.0165,0.0231,0.0008,0.1998,0.025,0.0147,0.0094,0.023,0.3851,2080.61,oservices,0.0355,0.0049,0.1106,0.0343,0.0041,0.0044,0.0136,0.003,0.0009,0.0048,0.0393,0.0051,0.0559,0.0038,0.0041,0.0081,0.0031,0.0005,0.0,0.0001,0.1192,0.0079,0.0009,0.0015,0.0013,0.0016,215.625,0.393325,0.125721,0.108832,0.069517,0.138043
5345,khm,2004,oservices,0.06,0.0286,0.0046,0.1882,0.0169,0.4275,0.8503,0.1472,0.0654,0.0068,0.0525,0.012,0.0033,0.0052,0.2336,0.0527,0.0623,0.0205,0.3007,0.392,0.2426,0.0202,0.0145,0.0157,0.1828,0.1823,342.31,oservices,0.0063,0.0018,0.0,0.0184,0.002,0.4244,0.8369,0.1113,0.0494,0.0019,0.0491,0.0017,0.0031,0.0011,0.0347,0.0085,0.0244,0.0028,0.0028,0.0732,0.162,0.0163,0.0078,0.0051,0.0356,0.0562,26.3801,0.645666,0.00973,0.018873,0.013103,0.015629
5348,kor,2004,energy,143.736,62.4646,346.824,364.73,59.0454,464.019,157.338,31.1997,7.3154,130.28,1693.82,47.111,361.286,103.414,915.037,1632.96,76.1579,35.1919,1194.58,839.006,2207.88,123.734,46.0985,92.6518,251.981,299.785,1434.84,energy,6.6677,16.5762,2025.6,37.7924,7.4483,440.58,43.5644,23.0733,7.6275,78.9012,1556.13,45.1618,362.885,75.8406,676.727,1347.93,39.0555,0.4209,27.5794,31.1839,1578.4,6.2227,4.3875,2.9882,69.2782,16.5493,23.0819,0.175282,0.028948,0.019542,0.04656,0.015097
5355,kor,2004,paperpub,34.2388,5.1156,1.74,179.83,58.6474,77.2228,82.5214,20.9792,2.3671,1761.77,200.514,10.8741,32.1606,25.1904,198.363,717.361,50.8069,2.3751,440.243,463.665,99.3565,88.6706,59.0812,85.1045,313.844,374.429,836.089,paperpub,1.5883,1.3575,10.1622,18.6335,7.3981,73.322,22.8489,15.5149,2.4681,1066.98,184.213,10.4241,32.303,18.4739,146.702,592.145,26.0549,0.0284,10.164,17.2333,71.0294,4.4593,5.6232,2.7448,86.2866,20.6699,13.45,0.285854,0.00864,0.009512,0.013406,0.010311
5356,kor,2004,chemicals,195.35,26.3519,10.4382,407.449,82.8755,731.01,180.066,55.8124,9.9087,116.914,9828.47,21.1828,124.1,118.968,2154.19,2739.18,191.65,11.4754,1764.24,489.893,295.154,58.2542,18.3203,31.6641,125.336,362.576,2403.05,chemicals,9.062,6.993,60.9636,42.2188,10.4544,694.084,49.8575,41.2753,10.3315,70.8061,9029.46,20.3064,124.649,87.2474,1593.16,2261.05,98.2822,0.1373,40.7313,18.2082,211.004,2.9297,1.7437,1.0212,34.4591,20.0156,38.6574,0.197139,0.098186,0.074548,0.079376,0.088221
5361,kor,2004,machinery,26.2517,14.5813,8.9667,77.1065,20.7344,68.0806,36.6305,10.2083,1.6957,25.4921,258.517,13.2128,119.467,80.6866,2174.36,49217.6,50.1642,11.084,3270.88,349.742,230.998,196.568,30.8467,46.331,204.844,243.6,1265.11,machinery,1.2178,3.8694,52.3691,7.9896,2.6156,64.6416,10.1424,7.5494,1.7681,15.4387,237.501,12.6661,119.995,59.1731,1608.07,40626.6,25.7253,0.1326,75.5151,12.9991,165.139,9.8856,2.9359,1.4942,56.3187,13.4477,20.3515,0.227663,0.427925,0.375211,0.235288,0.404458
5364,kor,2004,construction,7.4022,3.0813,6.1261,24.3322,6.2828,20.2389,16.1808,2.6238,0.4283,7.7678,60.2473,2.4117,22.4357,8.4725,78.4287,231.29,6.0922,3.4671,41599.1,131.081,72.0816,43.794,13.42,22.6519,189.239,57.5361,1664.98,construction,0.3434,0.8177,35.7789,2.5212,0.7925,19.2166,4.4802,1.9404,0.4465,4.7044,55.3495,2.3119,22.5349,6.2135,58.0029,190.918,3.1242,0.0415,960.405,4.872,51.5307,2.2024,1.2773,0.7306,52.0283,3.1762,26.7842,0.411327,0.007401,0.011724,0.008235,0.009876
5365,kor,2004,distribution,227.313,45.7884,10.609,1137.77,176.793,527.674,392.92,85.3706,15.5494,225.645,1080.95,50.7553,394.301,204.605,2418.3,6319.81,237.897,18.0702,3787.15,32340.5,708.014,977.06,122.865,216.278,532.237,4070.56,3561.9,distribution,10.5448,12.1509,61.961,117.893,22.3016,501.019,108.793,63.1346,16.2128,136.657,993.073,48.6553,396.045,150.051,1788.48,5216.68,121.999,0.2161,87.4344,1202.02,506.155,49.1373,11.694,6.9753,146.33,224.711,57.2995,0.505524,0.00711,0.013842,0.065648,0.010141
5366,kor,2004,transport,66.5017,53.8759,8.4613,472.582,103.068,243.593,164.992,31.5657,10.0242,128.475,619.807,86.8605,333.428,122.542,879.664,2117.78,101.6,7.1666,1723.93,1673.45,20561.8,165.341,98.247,164.859,269.753,380.674,1322.91,transport,3.0849,14.2971,49.4175,48.9677,13.0015,231.288,45.6837,23.3439,10.4519,77.808,569.42,83.2667,334.903,89.8687,650.566,1748.12,52.103,0.0857,39.8005,62.198,14699.5,8.3152,9.3509,5.3169,74.1644,21.0147,21.2814,0.427973,0.103215,0.170128,0.103373,0.112498
5367,kor,2004,communcation,38.2212,10.4476,4.5464,135.76,33.9645,86.3283,106.029,16.5854,2.4472,56.8522,204.352,13.6407,82.3493,38.4759,375.164,1072.48,37.9103,7.0648,787.571,1516.68,278.761,6714.3,223.491,341.772,747.357,507.047,1335.58,communcation,1.773,2.7725,26.5527,14.0672,4.2845,81.9675,29.3577,12.2655,2.5516,34.4312,187.739,13.0763,82.7137,28.2171,277.457,885.275,19.4413,0.0845,18.1827,56.3712,199.285,337.669,21.2713,11.0227,205.474,27.991,21.4852,0.431353,0.002098,0.003486,0.014171,0.003003
5368,kor,2004,finance,97.2932,32.2988,10.4919,323.117,63.4468,242.446,186.434,37.7694,6.7916,90.2929,495.166,31.1067,277.888,113.312,1005.42,2389.33,94.9182,19.6654,2020.34,1525.67,840.257,319.562,7726.99,3467.46,615.964,580.812,6825.39,finance,4.5133,8.5711,61.277,33.4806,8.0035,230.199,51.6206,27.9318,7.0813,54.6837,454.911,29.8197,279.117,83.0992,743.569,1972.27,48.6762,0.2352,46.6439,56.7055,600.695,16.0711,735.434,111.831,169.35,32.0631,109.799,0.64209,0.002993,0.007402,0.032545,0.004861
5370,kor,2004,obsict,136.709,53.1802,28.0781,674.122,272.358,437.066,619.152,118.834,10.6414,300.034,1166.83,59.0538,474.138,214.892,1926.36,6535.16,188.48,36.8045,6193.24,4722.29,1366.47,1384.78,728.084,1326.62,17102.3,1976.0,6022.19,obsict,6.3418,14.1124,163.988,69.8508,34.3567,414.988,171.434,87.8818,11.0954,181.708,1071.97,56.6105,476.236,157.596,1424.66,5394.44,96.6568,0.4402,142.984,175.516,976.878,69.6417,69.2971,42.7857,4702.02,109.083,96.8778,0.602018,0.02172,0.05036,0.088307,0.032315
5371,kor,2004,oconsumer,43.2609,25.2977,4.2189,142.496,41.3539,139.436,115.863,18.3037,3.8293,98.4996,246.63,16.3234,112.559,62.0416,391.93,1126.44,43.59,7.908,886.862,749.617,295.605,246.667,94.7773,195.337,434.219,6837.63,3046.54,oconsumer,2.0068,6.7133,24.6403,14.765,5.2166,132.393,32.0806,13.5363,3.9927,59.654,226.58,15.648,113.057,45.4994,289.856,929.817,22.354,0.0946,20.4751,27.8615,211.327,12.4051,9.0206,6.2999,119.382,377.464,49.0091,0.268724,0.003903,0.004039,0.015088,0.005307
5372,kor,2004,oservices,57.1794,21.3932,18.8077,201.609,52.0254,167.079,78.0483,18.5104,3.6988,56.8428,716.453,24.0639,272.63,108.631,1981.63,6534.77,72.9268,15.5504,1916.74,733.657,629.022,356.767,71.7221,123.643,376.654,318.632,129404.0,oservices,2.6525,5.6771,109.844,20.8902,6.5628,158.639,21.6104,13.6891,3.8566,34.4255,658.209,23.0683,273.837,79.6667,1465.54,5394.12,37.3985,0.186,44.2521,27.2683,449.684,17.9422,6.8263,3.9877,103.555,17.5897,2081.69,0.705807,0.00919,0.024982,0.060231,0.014251
5375,kwt,2004,energy,1.9147,2.2647,29435.7,11.8926,2.0332,0.998,2.3149,0.3896,0.529,2.4506,118.4,3.5681,7.0868,0.6634,4.1698,14.9464,8.6749,121.655,43.5203,146.666,479.503,14.7279,27.2852,6.0625,82.3011,45.4387,191.121,energy,0.0429,1.7246,27702.9,1.5405,0.1581,0.19,0.5083,0.027,0.0568,1.3076,72.8623,1.0638,3.1666,0.1929,0.5143,4.291,2.203,0.2592,0.055,1.3032,275.974,4.1565,0.4678,2.9678,2.839,0.9322,27.2912,0.675,0.807136,0.822163,0.842404,0.838747
5383,kwt,2004,chemicals,0.2874,0.0087,43.2422,1.5499,0.2642,0.3572,0.1336,0.0582,0.0916,4.2126,1526.06,4.2001,3.5638,0.322,0.2548,3.9369,1.0651,0.3092,47.0927,2.1536,5.8774,1.421,0.8571,0.0669,1.3136,5.5011,82.3378,chemicals,0.0064,0.0066,40.6966,0.2008,0.0205,0.068,0.0293,0.004,0.0098,2.2477,939.12,1.2523,1.5924,0.0936,0.0314,1.1303,0.2705,0.0007,0.0595,0.0191,3.3827,0.401,0.0147,0.0328,0.0453,0.1129,11.7575,0.726775,0.034527,0.037868,0.030047,0.032252
5397,kwt,2004,obsict,1.6019,0.0665,42.955,8.2816,1.4106,1.0479,7.4748,1.4886,0.2356,2.5448,33.1622,0.786,7.2495,0.7784,13.9447,16.6135,9.0568,2.7658,50.522,154.825,70.5877,16.16,70.5414,6.1301,948.147,59.4272,148.946,obsict,0.0359,0.0506,40.4264,1.0728,0.1097,0.1995,1.6414,0.103,0.0253,1.3578,20.4077,0.2344,3.2393,0.2263,1.7198,4.7696,2.3,0.0059,0.0638,1.3757,40.6262,4.5606,1.2095,3.0008,32.7062,1.2192,21.2688,0.71545,0.001218,0.001315,0.005513,0.001161
5399,kwt,2004,oservices,0.026,0.0025,10.7573,0.0625,0.0103,0.0069,0.0714,0.0103,0.0018,0.0795,0.346,0.0117,0.0488,0.0075,0.4162,0.4636,0.3048,2.5235,1.4272,1.7505,2.4838,0.4986,2.6809,0.241,2.2311,5.004,9218.89,oservices,0.0006,0.0019,10.124,0.0081,0.0008,0.0013,0.0157,0.0007,0.0002,0.0424,0.2129,0.0035,0.0218,0.0022,0.0513,0.1331,0.0774,0.0054,0.0018,0.0156,1.4295,0.1407,0.046,0.118,0.077,0.1027,1316.42,0.872749,0.042534,0.056019,0.039831,0.042117
5426,lao,2004,oservices,0.0075,0.0382,0.0032,0.0575,0.0317,0.0429,0.0242,0.0026,0.041,0.0,0.0001,0.0,0.0001,0.0001,0.0001,0.0004,0.0003,0.0003,0.0076,0.0203,0.0016,0.0009,0.0003,0.0012,0.0035,0.0056,140.833,oservices,0.0006,0.014,0.0027,0.0008,0.0005,0.038,0.0209,0.0017,0.0411,0.0,0.0001,0.0,0.0001,0.0001,0.0,0.0002,0.0001,0.0,0.0,0.0011,0.0008,0.0004,0.0001,0.0011,0.0029,0.0009,15.8592,0.624176,0.038515,0.061028,0.036537,0.042811
5453,lka,2004,oservices,0.0071,0.0041,0.0065,0.011,0.0043,0.0057,0.0167,0.0009,0.0004,0.0018,0.0179,0.0015,0.0015,0.0002,0.0025,0.0081,0.0043,0.0003,0.0094,0.0393,0.0216,0.9608,0.0034,0.0028,0.0142,0.0028,1338.99,oservices,0.0019,0.0008,0.0004,0.0022,0.0001,0.0049,0.0141,0.0004,0.0002,0.0002,0.0099,0.0008,0.0014,0.0002,0.001,0.0048,0.004,0.0,0.0002,0.001,0.0075,0.1014,0.0001,0.0011,0.0043,0.0004,31.485,0.530177,0.006138,0.007957,0.006915,0.009338
5480,ltu,2004,oservices,7.1975,0.7829,20.725,20.6084,0.2696,0.8909,0.9252,2.736,5.2847,1.223,14.4892,0.7245,0.4559,1.0507,0.9471,10.9816,2.4318,0.2049,8.274,3.3992,10.023,1.7262,0.1333,0.2901,25.1023,8.3455,3572.17,oservices,1.8375,0.5716,17.0054,4.8258,0.5532,0.9105,0.7358,0.5986,5.1884,0.692,9.4241,0.5771,1.0371,0.8785,0.9831,9.3284,0.9203,0.0118,0.0954,0.4788,7.8854,0.3549,0.0415,0.0757,3.2934,1.3986,41.2857,0.687678,0.004855,0.00871,0.015736,0.007054
5505,lux,2004,obsict,3.0391,1.9472,2.1966,18.4371,40.2774,18.5519,3.5076,5.2828,7.8547,20.9718,101.011,19.9435,97.5443,16.6494,44.96,151.343,2.7736,0.8019,226.456,383.391,149.089,59.4462,341.04,82.3639,3950.5,52.2231,281.982,obsict,0.9398,1.6639,2.507,10.0133,17.7862,16.1794,5.3381,4.4255,7.7771,18.0823,100.722,18.4003,96.0194,15.3334,22.8062,158.725,1.8671,0.2092,9.8217,159.559,128.719,50.8544,344.125,77.211,2630.15,28.0518,21.1877,0.547819,0.10348,0.201213,0.253319,0.186116
5507,lux,2004,oservices,5.8122,0.2979,0.2569,5.8821,5.8693,4.8616,0.4112,0.5307,1.8416,2.8212,20.3722,3.4092,25.6314,3.1742,7.4616,18.8567,0.8649,1.3531,51.5313,35.3763,18.2342,4.2877,30.1267,8.1698,47.8373,13.4745,6798.86,oservices,1.7974,0.2546,0.2932,3.1946,2.5918,4.2399,0.6258,0.4446,1.8234,2.4325,20.3141,3.1454,25.2307,2.9233,3.785,19.7765,0.5822,0.3529,2.235,14.7228,15.7428,3.668,30.3992,7.6586,31.8489,7.2379,510.857,0.7511,0.016086,0.042884,0.046076,0.035488
5534,lva,2004,oservices,2.4924,1.0721,1.888,5.7855,1.0777,0.541,0.6186,0.2124,3.7689,0.149,1.1443,0.126,0.3188,0.1773,0.7764,1.5989,0.1471,0.8777,7.0655,8.962,7.2461,1.4852,1.5429,1.641,7.0972,2.8486,2017.6,oservices,0.5128,0.9411,0.1735,0.6759,0.226,0.4586,0.3822,0.0359,3.7652,0.1131,1.3173,0.1554,0.3437,0.1579,0.3307,1.0056,0.0759,0.0211,0.1433,0.4127,5.4029,0.3418,0.9946,0.8205,2.9484,0.1789,29.7098,0.635304,0.007903,0.013512,0.015579,0.011256
5535,mar,2004,primaryagr,4818.15,9.088,0.1018,1654.9,17.4624,120.32,450.457,0.7773,8.8225,2.6835,42.0502,1.1342,2.0499,1.6191,2.4764,31.3496,12.7995,0.0032,33.0603,22.591,24.685,3.6376,0.3585,1.2545,12.2229,4.1841,607.921,primaryagr,752.982,5.8489,0.0245,316.383,3.4045,98.2427,310.39,0.3249,2.763,0.8321,23.1558,0.5327,2.0153,0.2467,0.3098,13.2025,2.8286,0.0003,0.0899,1.5649,15.8442,2.6016,0.1266,0.8747,7.2729,0.5776,52.8127,0.632852,0.056856,0.089135,0.119924,0.067754
5536,mar,2004,otherprim,24.9607,985.394,0.1636,61.5517,1.1425,3.0875,8.1027,0.1938,4.0913,4.5141,380.919,4.5487,11.5891,3.4286,6.5628,64.0089,28.0963,0.0011,119.274,14.8424,15.1522,1.8999,0.2013,0.8323,9.5809,3.5089,239.62,otherprim,3.9009,634.184,0.0394,11.7674,0.2228,2.521,5.5832,0.081,1.2813,1.3997,209.76,2.1362,11.3937,0.5223,0.8209,26.9565,6.209,0.0001,0.3242,1.0282,9.7255,1.3588,0.0711,0.5803,5.7008,0.4844,20.8168,0.655953,0.051987,0.084475,0.071191,0.060489
5537,mar,2004,energy,110.961,49.5736,454.227,94.7996,1.8226,8.7687,27.0771,0.2972,2.1238,4.4539,60.6431,12.9813,6.2855,4.7081,3.9837,48.8831,4.9133,0.0163,144.349,14.7473,162.992,3.0416,0.3009,1.21,11.7794,9.4045,182.329,energy,17.3411,31.9048,109.493,18.1237,0.3553,7.1597,18.6577,0.1242,0.6651,1.381,33.3943,6.0964,6.1795,0.7172,0.4983,20.5864,1.0858,0.0015,0.3924,1.0216,104.617,2.1753,0.1062,0.8437,7.009,1.2982,15.8396,0.334881,0.015553,0.012902,0.030223,0.00821
5538,mar,2004,procfoods,45.5463,3.0068,0.0226,2771.07,9.4296,3.9862,13.6036,0.1281,0.4349,0.5506,5.843,0.3184,0.5566,0.3797,0.5602,7.5988,0.9992,0.0001,8.425,6.6234,4.5252,1.2033,0.1166,0.3988,3.8527,1.2754,210.387,procfoods,7.118,1.9351,0.0055,529.771,1.8384,3.2548,9.3736,0.0536,0.1362,0.1707,3.2176,0.1495,0.5473,0.0579,0.0701,3.2001,0.2208,0.0,0.0229,0.4588,2.9045,0.8606,0.0412,0.278,2.2924,0.1761,18.2772,0.310065,0.078885,0.060591,0.043539,0.089102
5545,mar,2004,chemicals,40.0456,10.597,0.2451,95.7973,1.7066,5.2066,13.1964,0.3269,6.2299,7.9252,708.534,1.4204,2.4987,2.916,10.5528,85.8517,9.4947,0.0016,58.8889,21.9747,22.2764,2.7902,0.3045,1.2739,14.7383,4.9091,368.941,chemicals,6.2583,6.8201,0.0591,18.3145,0.3327,4.2513,9.0931,0.1367,1.951,2.4574,390.168,0.6671,2.4566,0.4442,1.32,36.1553,2.0983,0.0002,0.1601,1.5222,14.2982,1.9955,0.1075,0.8882,8.7696,0.6776,32.0514,0.217311,0.079625,0.042864,0.040349,0.075691
5551,mar,2004,othermanuf,5.8468,2.6115,0.0596,13.8618,0.3524,0.7429,2.6437,0.0678,0.6143,0.9209,18.9793,0.5573,1.2773,0.6096,1.5313,17.2041,110.996,0.0002,19.8385,11.2756,9.6184,1.2963,0.1284,0.51,5.1663,2.7657,158.482,othermanuf,0.9137,1.6807,0.0144,2.6501,0.0687,0.6066,1.8217,0.0283,0.1924,0.2856,10.4513,0.2617,1.2558,0.0929,0.1915,7.2453,24.5292,0.0,0.0539,0.7811,6.1736,0.9271,0.0454,0.3556,3.074,0.3818,13.768,0.278768,0.004691,0.003239,0.00578,0.004592
5554,mar,2004,distribution,132.072,39.3607,0.5626,464.095,10.7633,33.8946,131.922,3.708,14.6194,34.6799,157.105,5.2227,26.8478,19.4092,49.9853,281.564,15.1927,0.0044,243.533,1900.81,101.667,11.5914,1.2665,5.8067,59.6642,48.9753,701.738,distribution,20.6403,25.3319,0.1356,88.7254,2.0984,27.6754,90.902,1.5502,4.5785,10.7533,86.5129,2.4527,26.395,2.9568,6.2524,118.577,3.3575,0.0004,0.662,131.672,65.2552,8.2901,0.4472,4.0487,35.5015,6.7604,60.9629,0.630652,0.011005,0.017193,0.061808,0.013373
5555,mar,2004,transport,124.047,42.6372,0.9592,270.761,5.5908,19.873,61.3459,1.724,10.2341,12.4806,100.607,7.2033,17.1249,11.8402,23.1468,162.2,11.622,0.0057,271.175,125.652,2964.26,19.2969,1.8027,7.8298,67.5321,29.3389,767.841,transport,19.3862,27.4406,0.2312,51.7639,1.09,16.2266,42.2708,0.7208,3.2051,3.8699,55.4013,3.3829,16.8361,1.8038,2.8953,68.3084,2.5684,0.0005,0.7372,8.7042,1902.63,13.801,0.6365,5.4593,40.183,4.0499,66.7055,0.626865,0.157762,0.244985,0.17524,0.177093
5559,mar,2004,obsict,63.1443,17.4181,0.3179,118.007,2.5537,5.7857,18.9992,0.2837,2.5104,10.826,38.3138,5.7097,12.9853,10.0685,10.3791,228.134,3.6092,0.0031,140.461,53.227,62.887,7.734,1.2032,4.4204,818.141,9.5402,202.786,obsict,9.8682,11.21,0.0766,22.5606,0.4979,4.7241,13.0915,0.1186,0.7862,3.3569,21.0983,2.6815,12.7663,1.5339,1.2983,96.0757,0.7976,0.0003,0.3818,3.6871,40.3643,5.5313,0.4249,3.0821,486.811,1.3169,17.6168,0.484742,0.050531,0.060679,0.056557,0.057677
5560,mar,2004,oconsumer,9.2816,3.039,0.0492,19.3699,0.4845,2.1286,5.1512,0.0723,0.6256,2.5537,8.9145,1.3524,2.4925,1.829,2.0667,35.2911,0.7759,0.0003,30.8327,12.1935,7.4821,3.1475,0.3762,1.7001,9.1426,265.816,175.43,oconsumer,1.4505,1.9559,0.0119,3.7031,0.0945,1.738,3.5495,0.0302,0.1959,0.7918,4.9089,0.6351,2.4505,0.2786,0.2585,14.8624,0.1715,0.0,0.0838,0.8447,4.8024,2.2511,0.1329,1.1854,5.44,36.6926,15.2404,0.456134,0.004308,0.004868,0.007704,0.004892
5561,mar,2004,oservices,232.084,65.5641,0.9906,404.381,10.6778,24.4214,73.2661,1.1613,9.4282,23.3431,168.008,14.1753,24.4527,16.6226,23.5826,321.763,15.7547,0.0037,370.719,283.388,201.072,56.6194,5.4711,18.3909,179.275,57.3154,9994.37,oservices,36.2703,42.1961,0.2388,77.3092,2.0818,19.9404,50.4845,0.4855,2.9527,7.2381,92.5167,6.6571,24.0403,2.5323,2.9498,135.506,3.4816,0.0004,1.0078,19.6308,129.059,40.4938,1.9319,12.8232,106.673,7.9117,868.252,0.417322,0.085247,0.088128,0.12582,0.094428
5588,mdg,2004,oservices,0.0032,0.0032,0.0051,0.0048,0.003,0.0023,0.0022,0.0002,0.0002,0.0008,0.0015,0.0,0.0003,0.0002,0.0016,0.0037,0.0009,0.0,0.0076,0.0023,0.0025,0.0007,0.001,0.0003,0.0009,0.0001,254.306,oservices,0.0011,0.0002,0.0048,0.0016,0.0,0.002,0.0022,0.0001,0.0002,0.0005,0.0002,0.0,0.0003,0.0,0.0016,0.0036,0.0002,0.0,0.0002,0.0022,0.0013,0.0001,0.0001,0.0,0.0006,0.0,53.7149,0.68975,0.038869,0.062147,0.037781,0.048565
5608,mex,2004,distribution,800.91,403.402,391.786,6008.3,1129.96,353.1,601.584,281.309,408.919,275.202,1860.36,324.973,540.461,537.54,6266.01,6136.75,408.071,1.7894,6284.28,58040.4,2526.84,412.168,116.057,50.2648,1292.57,1451.8,1855.5,distribution,222.907,51.0733,1381.79,313.995,170.835,273.586,366.438,53.1074,358.992,107.548,818.15,139.659,522.443,336.951,4073.34,5404.42,113.554,0.0136,35.5902,492.879,255.293,12.9249,8.1107,15.9535,23.9947,47.4142,10.4376,0.731275,0.003393,0.006401,0.11112,0.004286
5613,mex,2004,obsict,472.891,793.744,636.866,4086.61,1433.49,443.016,557.922,176.543,272.198,292.283,2336.95,435.903,324.025,463.282,2863.95,5699.2,399.094,3.8726,5943.35,7310.32,4311.23,2518.45,1620.41,967.667,73359.9,4368.8,7030.71,obsict,131.614,100.493,2246.17,213.568,216.725,343.254,339.842,33.329,238.964,114.224,1027.74,187.332,313.222,290.403,1861.76,5019.09,111.056,0.0295,33.6594,62.0792,435.575,78.9745,113.243,307.127,1361.81,142.68,39.5493,0.823834,0.007912,0.016815,0.109356,0.010378
5615,mex,2004,oservices,4.4591,3.5411,13.23,20.2197,5.1126,1.5221,1.9053,0.8043,1.6948,1.7291,12.1621,2.5187,2.8505,1.9964,15.9212,27.4428,2.0258,0.0205,28.1563,21.1505,221.931,7.7433,55.0715,33.1451,29.1725,14.0301,87019.0,oservices,1.241,0.4483,46.6611,1.0567,0.773,1.1793,1.1606,0.1518,1.4879,0.6757,5.3486,1.0824,2.7555,1.2514,10.3498,24.168,0.5637,0.0002,0.1595,0.1796,22.4223,0.2428,3.8487,10.5199,0.5415,0.4582,489.502,0.809516,0.003116,0.006508,0.004472,0.004111
5642,mlt,2004,oservices,0.8879,0.0187,0.0115,0.3365,0.004,0.0029,0.0045,0.0064,0.0002,0.0111,0.0054,0.0045,0.002,0.0005,0.0099,0.2072,0.0036,0.0019,0.0104,0.148,0.6486,0.0493,0.4348,0.0341,0.531,0.1761,766.199,oservices,0.0696,0.0138,0.0001,0.1603,0.0046,0.003,0.0042,0.0063,0.0002,0.0096,0.014,0.0018,0.0028,0.0004,0.0083,0.2536,0.0028,0.0003,0.0006,0.0541,0.577,0.0287,0.2115,0.0369,0.3779,0.1561,42.1602,0.703365,0.010934,0.015218,0.014754,0.015163
5723,mus,2004,oservices,0.4782,0.0352,1.3597,0.9841,0.0162,0.0107,0.0747,0.001,0.0004,0.0217,0.0233,0.0059,0.0053,0.0019,0.0058,0.0191,0.0418,0.0388,0.3865,0.3408,7.6521,0.6892,0.8994,0.564,0.7003,0.0303,987.113,oservices,0.0905,0.0039,1.2535,0.6287,0.0019,0.0102,0.0667,0.0006,0.0004,0.009,0.009,0.0036,0.0043,0.0008,0.0013,0.0125,0.0268,0.0053,0.0037,0.2166,5.8392,0.1378,0.2,0.1258,0.2323,0.0125,66.9782,0.817505,0.020793,0.03919,0.030173,0.029477
5769,mys,2004,construction,0.9062,10.4786,84.1908,15.821,1.3501,2.9196,1.421,0.3233,17.8922,2.2065,26.2086,3.1226,6.3496,2.2774,9.5129,450.701,2.4456,35.2729,1642.28,31.04,84.0758,10.2134,2.893,25.5575,57.2863,562.658,207.064,construction,0.4872,7.0871,67.205,12.8112,0.7259,2.7994,1.3363,0.301,17.7365,1.3267,24.8316,3.0156,6.3569,1.9679,3.8472,439.999,2.3384,6.5881,253.484,4.8523,70.0843,3.5192,0.8044,7.9788,41.0068,101.75,25.1755,0.275243,0.005794,0.006455,0.013199,0.006389
5770,mys,2004,distribution,42.7308,69.6928,624.533,796.437,57.3566,103.043,49.3483,16.624,265.437,77.8775,976.591,48.2059,182.876,87.0826,324.698,8233.06,77.1676,11.79,291.193,4752.93,198.881,50.6451,41.4189,49.6499,96.8245,730.593,92.371,distribution,22.9742,47.1363,498.531,644.926,30.8389,98.7981,46.4046,15.4766,263.127,46.8238,925.282,46.5545,183.086,75.2462,131.314,8037.57,73.7827,2.2021,44.9452,743.003,165.784,17.4507,11.5161,15.5002,69.3092,132.12,11.2308,0.418757,0.009479,0.016066,0.147542,0.012268
5773,mys,2004,finance,22.8394,10.0591,85.4723,212.598,16.8811,54.9139,25.2465,5.3632,123.2,30.073,524.07,18.351,238.046,46.4073,103.817,1020.14,26.7017,8.8917,195.057,240.54,571.202,340.499,589.787,184.488,133.467,292.069,84.0744,finance,12.2796,6.8034,68.228,172.155,9.0764,52.6519,23.7405,4.9931,122.128,18.0814,496.536,17.7223,238.318,40.0995,41.9855,995.918,25.5305,1.6608,30.1067,37.6024,476.145,117.325,163.985,57.5953,95.5388,52.8173,10.222,0.447801,0.001463,0.002652,0.040324,0.00248
5775,mys,2004,obsict,11.7802,11.9927,203.659,145.794,11.6441,21.2769,19.1376,3.1904,70.1448,16.6819,241.647,16.5228,51.8528,20.8916,82.8708,946.189,16.5772,15.0786,254.049,299.008,377.568,145.441,58.8342,133.661,2055.69,1057.58,130.437,obsict,6.3336,8.1112,162.57,118.059,6.2607,20.4004,17.996,2.9702,69.5343,10.03,228.951,15.9568,51.9121,18.052,33.5145,923.721,15.85,2.8163,39.2121,46.7425,314.735,50.1145,16.3583,41.7277,1471.51,191.252,15.8589,0.50275,0.015878,0.032312,0.046407,0.022847
5777,mys,2004,oservices,0.4404,0.5167,9.9508,9.9895,1.7492,1.5536,1.0636,0.1922,4.9185,1.169,20.9435,0.9715,3.0754,1.7377,5.7858,66.8186,1.0422,0.3057,5.1581,19.1066,22.1486,6.2263,3.299,5.5279,16.8138,31.6453,2163.6,oservices,0.2368,0.3495,7.9432,8.0891,0.9405,1.4896,1.0001,0.179,4.8757,0.7029,19.8431,0.9382,3.079,1.5015,2.3399,65.232,0.9964,0.0571,0.7961,2.9868,18.4627,2.1454,0.9173,1.7258,12.0357,5.7227,263.057,0.528393,0.002706,0.005788,0.005088,0.004264
5804,nam,2004,oservices,0.0445,0.1959,0.0002,0.3097,0.2215,0.0569,0.0576,0.0103,0.0298,0.0376,0.0918,0.0125,0.1159,0.0169,0.1049,0.116,0.0255,0.0894,0.2002,0.0361,0.3264,0.018,0.0631,0.0472,0.2037,5.0685,1484.31,oservices,0.0178,0.1973,0.0002,0.2,0.0409,0.026,0.044,0.0077,0.0195,0.0355,0.0665,0.0086,0.099,0.0133,0.0506,0.0465,0.014,0.0087,0.0009,0.0049,0.1988,0.0034,0.0077,0.0053,0.024,1.3605,38.2552,0.78405,0.01638,0.034799,0.018275,0.020046
5858,nic,2004,oservices,0.2749,0.0272,0.0198,0.384,0.1563,0.0457,0.1486,0.0074,0.0326,0.009,0.0418,0.0071,0.0226,0.0022,0.0113,0.0643,0.002,0.1301,0.1439,0.1084,0.118,0.1684,0.1237,0.1043,0.3398,0.1755,395.219,oservices,0.1195,0.0077,0.0059,0.1475,0.0255,0.0371,0.1364,0.0028,0.0063,0.0018,0.0151,0.0053,0.0223,0.0009,0.0011,0.0429,0.0009,0.0052,0.0001,0.0053,0.0438,0.0627,0.0117,0.0349,0.0164,0.0199,32.8784,0.627921,0.029595,0.050017,0.027496,0.034214
5861,nld,2004,energy,332.005,58.5303,2072.2,558.423,119.401,24.1563,12.6801,2.0472,6.4249,133.32,4053.14,34.4872,423.625,52.793,85.9528,208.117,31.5461,22.3299,338.468,579.521,4828.78,52.4128,13.4858,42.3094,449.413,182.328,841.836,energy,281.771,77.4432,7796.16,377.259,61.3782,20.5659,4.1974,1.6506,4.3559,74.4519,4161.64,24.7744,434.452,47.6184,62.8142,180.082,23.1045,0.8223,8.5927,59.7608,3166.69,14.916,2.373,2.9779,114.527,16.7222,15.5732,0.219801,0.089233,0.056067,0.107898,0.059856
5868,nld,2004,paperpub,41.8968,3.8093,12.8123,656.705,352.132,28.5586,25.2785,2.4876,8.2721,5554.5,318.823,21.8237,65.2104,44.5951,128.31,255.221,68.9237,5.9777,329.978,1344.52,264.644,74.9204,53.7487,179.428,1186.28,273.821,1482.43,paperpub,35.5576,5.0402,48.2034,443.656,181.014,24.3139,8.3677,2.0057,5.6083,3101.87,327.358,15.6774,66.877,40.224,93.7687,220.842,50.48,0.2201,8.3772,138.649,173.553,21.3214,9.4579,12.6289,302.308,25.1135,27.4236,0.440303,0.023407,0.029462,0.034136,0.02799
5877,nld,2004,construction,82.4981,5.4637,30.9264,215.461,72.7126,16.5784,14.8088,2.0419,7.1862,70.9514,253.249,15.9211,60.402,67.6263,114.034,275.09,52.3669,17.1615,40344.4,822.961,411.126,222.898,43.8628,154.38,2817.93,272.811,3877.41,construction,70.0156,7.2292,116.353,145.561,37.378,14.1143,4.902,1.6464,4.8721,39.6223,260.028,11.4371,61.9458,60.9978,83.3356,238.034,38.3537,0.6319,1024.23,84.8647,269.615,63.434,7.7183,10.866,718.114,25.0209,71.7287,0.403438,0.007915,0.009128,0.021989,0.009208
5879,nld,2004,transport,32.7372,3.1995,10.8029,137.114,36.378,5.8996,6.9694,0.8368,2.7166,32.9561,91.907,5.6564,23.8903,14.9394,82.9817,89.9119,35.0999,1.7828,281.527,330.522,16354.1,61.2534,11.8323,33.3803,341.43,88.6953,606.423,transport,27.7838,4.2334,40.6434,92.6315,18.7001,5.0228,2.307,0.6747,1.8418,18.4041,94.3675,4.0634,24.5008,13.4751,60.643,77.8003,25.7073,0.0657,7.1472,34.0838,10725.0,17.4319,2.0821,2.3495,87.0091,8.1347,11.2183,0.308823,0.122117,0.107805,0.072246,0.122252
5880,nld,2004,communcation,87.6731,5.0707,21.0465,232.192,77.0302,19.4406,26.8631,2.1592,8.7686,227.667,236.029,15.1655,75.8469,45.2141,124.799,277.142,40.4981,14.7986,538.094,1572.62,443.232,7461.32,159.534,371.508,1350.11,493.488,1857.22,communcation,74.4076,6.7091,79.1824,156.864,39.5975,16.5511,8.8922,1.7409,5.9449,127.139,242.348,10.8943,77.7854,40.7823,91.2027,239.809,29.661,0.5449,13.6606,162.171,290.67,2123.4,28.0723,26.1484,344.059,45.2602,34.3569,0.534575,0.014284,0.021827,0.027346,0.01838
5881,nld,2004,finance,113.231,4.8387,20.2465,250.019,75.429,22.7474,28.6802,2.2568,8.519,92.0171,243.781,16.3086,83.4345,48.038,136.133,266.672,36.8534,7.9758,642.949,1675.08,391.534,87.7394,2972.0,3549.35,1754.27,479.894,1200.06,finance,96.0983,6.4022,76.1727,168.908,38.7743,19.3664,9.4937,1.8196,5.7757,51.3863,250.308,11.7155,85.5668,43.3294,99.4859,230.75,26.9916,0.2937,16.3226,172.736,256.766,24.9695,522.967,249.819,447.054,44.0135,22.2,0.429971,0.003204,0.003937,0.01887,0.004338
5883,nld,2004,obsict,780.212,56.7421,228.269,3311.29,1379.11,236.821,253.439,25.7847,94.9198,1228.72,3879.38,198.349,891.451,549.599,1818.41,4992.54,507.533,120.94,6830.79,14443.1,4454.93,1751.94,523.919,1897.46,77579.0,3355.96,13059.5,obsict,662.161,75.0772,858.808,2237.04,708.931,201.622,83.8935,20.79,64.3536,686.168,3983.24,142.487,914.234,495.729,1328.89,4320.01,371.719,4.4534,173.414,1489.39,2921.53,498.579,92.1912,133.552,19770.0,307.792,241.589,0.603785,0.108561,0.187374,0.270987,0.146038
5884,nld,2004,oconsumer,78.1926,6.8019,39.6921,349.376,155.974,63.4968,45.5889,6.4018,33.5682,229.325,569.194,42.9125,243.706,214.957,461.603,691.761,108.539,15.9593,833.644,1806.34,835.032,105.779,32.8382,79.7475,1343.04,9407.84,1186.13,oconsumer,66.3615,8.9998,149.332,236.031,80.1787,54.0592,15.0909,5.1617,22.7585,128.065,584.432,30.8268,249.934,193.888,337.339,598.577,79.4945,0.5877,21.1638,186.271,547.611,30.1032,5.7784,5.613,342.258,862.841,21.9424,0.411848,0.007847,0.009238,0.03081,0.009217
5885,nld,2004,oservices,323.856,10.2618,25.761,528.838,132.774,31.7278,24.0362,5.5952,13.0577,136.829,453.864,33.2517,114.671,72.2281,178.995,372.356,92.0738,15.0126,1136.96,1147.95,407.399,95.6288,35.9792,218.333,1241.72,328.033,134440.0,oservices,274.854,13.5777,96.9198,357.272,68.2525,27.0121,7.9565,4.5114,8.8528,76.4114,466.014,23.8869,117.601,65.1486,130.809,322.197,67.4352,0.5528,28.8641,118.378,267.171,27.2147,6.3311,15.3673,316.437,30.0855,2487.02,0.703262,0.013675,0.027492,0.034365,0.018962
5904,nor,2004,construction,21.6827,26.3277,145.852,66.0534,2.3399,2.5946,1.0459,0.34,7.0671,24.4347,19.6248,3.0404,29.1553,4.8078,41.4154,32.3825,7.1005,36.1496,8390.81,228.858,237.951,131.191,25.9619,12.478,160.381,70.0909,1694.52,construction,1.5249,23.0598,155.82,26.7911,0.4896,0.9877,0.2997,0.2294,5.0603,12.5548,15.3493,1.5958,28.9143,2.818,15.2028,21.3089,2.0464,0.566,57.8191,7.2992,145.19,15.7231,2.7578,2.1836,59.5951,4.6706,14.3693,0.360876,0.001234,0.000842,0.007444,0.001171
5905,nor,2004,distribution,45.1602,127.997,730.429,455.272,19.8054,38.5324,16.0258,3.5487,70.3233,144.177,199.857,24.3936,307.762,63.9342,564.923,598.467,80.1063,12.4842,1130.67,17214.1,1430.82,159.99,112.868,54.7662,731.028,226.446,1614.18,distribution,3.176,112.109,780.352,184.657,4.1438,14.6678,4.5927,2.3945,50.3543,74.0794,156.316,12.8038,305.218,37.4735,207.372,393.814,23.0871,0.1955,7.7912,549.028,873.041,19.1746,11.9892,9.5837,271.639,15.0895,13.6881,0.547333,0.009032,0.009345,0.049343,0.009451
5910,nor,2004,obsict,35.2597,107.727,1122.42,383.055,15.5427,26.4866,15.8042,2.9447,50.045,213.052,164.637,20.1369,142.031,46.4804,428.715,350.593,68.3666,25.5183,1247.21,2726.01,1779.99,365.75,400.797,177.612,9555.93,460.787,3748.45,obsict,2.4797,94.3551,1199.13,155.366,3.2519,10.0824,4.5292,1.987,35.8342,109.468,128.769,10.5696,140.857,27.2434,157.373,230.703,19.7037,0.3996,8.5942,86.9435,1086.09,43.8348,42.5739,31.0808,3550.84,30.705,31.7864,0.495671,0.055207,0.051728,0.08639,0.056595
5912,nor,2004,oservices,18.3634,42.2499,484.786,117.407,6.4909,9.5863,3.4675,0.7398,13.9994,93.1472,85.4971,8.2332,68.7231,15.3027,161.866,114.302,22.6582,13.1436,441.389,707.989,336.804,53.6236,82.6338,19.8362,386.693,170.955,56766.6,oservices,1.2915,37.0057,517.92,47.6198,1.358,3.6491,0.9937,0.4992,10.0242,47.8599,66.8705,4.3215,68.1552,8.9693,59.418,75.2152,6.5302,0.2058,3.0415,22.5807,205.507,6.4267,8.7776,3.4712,143.689,11.3917,481.374,0.740484,0.006203,0.008683,0.021991,0.007004
5939,npl,2004,oservices,2.7082,0.2892,3.9383,0.5476,0.0693,4.7275,1.8,0.4568,0.2487,0.2604,0.6435,0.1892,0.837,0.2568,0.1364,0.2466,7.8339,0.2231,167.083,2.1988,2.4878,31.6516,1.005,1.6191,0.9686,28.608,883.764,oservices,0.0684,0.0212,0.3896,0.0845,0.0289,4.5737,2.0548,0.1382,0.0395,0.1212,0.6256,0.012,0.4203,0.0335,0.0051,0.0412,3.5559,0.0045,3.3299,0.1123,0.6702,3.9009,0.9305,0.0532,0.6542,3.2448,73.4753,0.768327,0.08026,0.170203,0.114856,0.102503
5958,nzl,2004,construction,13.0332,6.9578,17.5278,43.7487,4.5777,1.6717,1.1186,1.1452,5.8662,4.2797,4.6463,0.7803,4.9529,1.6703,12.5629,18.9858,2.9665,0.0101,3644.67,48.3202,14.904,6.8327,2.7904,7.2675,46.4469,31.8803,504.937,construction,9.9752,6.2336,3.2865,30.0859,1.287,1.1895,0.2904,1.0542,5.5454,2.2645,2.9565,0.4132,4.9031,1.0009,3.0978,9.1288,0.4648,0.0004,17.1169,3.6821,9.9928,1.227,0.3447,0.8427,8.3342,7.6901,10.1596,0.302198,0.001629,0.001351,0.006283,0.001641
5959,nzl,2004,distribution,148.227,35.7441,33.6582,771.767,119.384,95.1488,50.2813,16.2702,58.5199,86.9984,151.786,5.9314,54.5659,46.831,136.955,297.381,61.4181,0.0864,713.795,9123.75,231.83,38.4851,25.9793,31.4446,195.653,135.176,806.423,distribution,113.449,32.0241,6.3109,530.743,33.5643,67.7025,13.0517,14.9779,55.3202,46.0331,96.5819,3.1411,54.017,28.0638,33.7709,142.988,9.6237,0.0034,3.3523,695.255,155.437,6.9112,3.2096,3.6461,35.1069,32.6067,16.2257,0.481859,0.046165,0.061052,0.098413,0.049575
5962,nzl,2004,finance,91.7387,18.0522,41.1009,306.652,36.8254,15.9728,10.392,4.8774,22.7538,21.242,36.5701,1.7094,27.2222,8.6402,19.9255,53.5283,15.9098,0.044,150.727,384.418,78.1586,13.2329,897.775,44.8917,165.754,103.679,1003.23,finance,70.214,16.1734,7.7064,210.884,10.3533,11.3653,2.6975,4.4899,21.5097,11.2397,23.2696,0.9053,26.9484,5.1777,4.9133,25.7376,2.4929,0.0018,0.7079,29.2937,52.4036,2.3764,110.914,5.2054,29.742,25.0093,20.1855,0.645923,0.00554,0.009821,0.032256,0.006459
5964,nzl,2004,obsict,263.071,68.1369,135.64,1097.37,155.622,61.6434,49.4058,15.0502,88.7298,100.643,155.24,7.8257,72.6044,37.2476,96.8057,287.255,71.5278,0.2406,740.556,1768.24,318.514,91.195,143.001,157.356,3653.28,454.583,1849.85,obsict,201.346,61.0457,25.4326,754.661,43.7522,43.862,12.8245,13.8547,83.8784,53.2529,98.7792,4.1443,71.8741,22.3209,23.8707,138.119,11.2077,0.0096,3.478,134.745,213.557,16.3768,17.6669,18.2461,655.525,109.653,37.22,0.572696,0.033425,0.052537,0.126511,0.037965
5966,nzl,2004,oservices,24.1871,4.5523,8.0145,74.9969,7.2609,3.3441,2.7436,0.8335,14.7759,6.038,8.3495,0.9254,4.5749,2.0844,4.8282,12.9982,6.1209,0.0076,69.5572,108.183,23.5542,7.1348,7.9611,16.0409,53.82,77.2179,18823.3,oservices,18.512,4.0786,1.5027,51.5753,2.0414,2.3795,0.7122,0.7673,13.968,3.1948,5.3128,0.4901,4.5289,1.2491,1.1906,6.2498,0.9591,0.0003,0.3267,8.2439,15.7926,1.2813,0.9835,1.86,9.6572,18.6263,378.735,0.665467,0.01954,0.035687,0.024424,0.022561
5993,omn,2004,oservices,0.0212,0.0071,3.9859,0.0784,0.0099,0.0086,0.0847,0.0084,0.003,0.0293,0.0815,0.0107,0.0332,0.0023,0.1208,0.3087,0.1005,1.2044,1.0994,0.9547,0.8259,0.1401,0.3375,0.021,0.5062,1.8937,4048.45,oservices,0.0039,0.0048,3.8066,0.0577,0.0086,0.0068,0.0729,0.0049,0.0023,0.0069,0.0416,0.0069,0.0239,0.0006,0.046,0.1922,0.0495,0.0105,0.0021,0.0255,0.368,0.0094,0.0129,0.0066,0.0196,0.1687,55.0768,0.848157,0.00458,0.004977,0.004575,0.00448
5996,pak,2004,energy,543.317,70.2347,1734.19,246.484,70.5997,319.587,76.3666,18.0532,8.8606,4.2845,489.983,107.767,92.4974,16.9633,74.1467,265.879,138.506,11.7137,455.025,33.8694,1008.9,11.8829,1.1214,4.9294,40.6973,289.182,552.847,energy,10.4983,8.8053,217.966,27.5164,1.8664,213.814,61.1112,10.7488,1.896,3.9403,122.053,11.3508,48.7362,16.7756,21.1449,52.7422,74.1465,0.0186,1.476,0.4079,124.089,2.2111,0.6176,0.2148,9.0609,1.4697,34.7549,0.445202,0.020754,0.029496,0.081476,0.018042
6012,pak,2004,construction,9.2661,0.6707,5.8104,8.1239,2.0842,13.3648,3.7399,0.8406,0.1337,0.0401,2.4083,0.7545,0.4131,0.1392,1.2269,2.266,0.8899,0.0814,3590.25,2.9546,46.8344,6.8156,0.0214,0.1029,1.1244,19.749,273.499,construction,0.179,0.0841,0.7303,0.9069,0.0551,8.9415,2.9928,0.5005,0.0286,0.0369,0.5999,0.0795,0.2177,0.1377,0.3499,0.4495,0.4764,0.0001,11.6457,0.0356,5.7604,1.2682,0.0118,0.0045,0.2503,0.1004,17.1936,0.475594,0.001447,0.002197,0.004003,0.001395
6013,pak,2004,distribution,3335.87,50.345,58.4935,2156.28,874.534,1618.23,407.968,237.167,9.7547,3.6933,148.485,24.4755,6.3409,25.7677,39.7853,158.692,158.686,4.5561,149.055,2792.81,179.408,18.7945,2.5251,16.7933,40.3693,145.593,182.367,distribution,64.4579,6.3117,7.3519,240.718,23.1191,1082.65,326.471,141.209,2.0874,3.3966,36.9871,2.5779,3.341,25.4826,11.3458,31.4796,84.9495,0.0072,0.4835,33.637,22.0661,3.4972,1.3908,0.7317,8.9878,0.7399,11.4645,0.843423,0.002326,0.006261,0.164317,0.002865
6014,pak,2004,transport,446.324,11.5429,28.127,206.842,61.8981,340.01,97.5765,16.6417,3.2276,0.5959,32.7492,14.7522,5.0524,3.9588,39.9896,70.0839,18.0927,1.8797,94.6116,29.5777,4814.84,10.0307,0.4266,1.3644,25.4556,59.9144,575.261,transport,8.6242,1.4471,3.5352,23.0909,1.6363,227.477,78.0842,9.9084,0.6907,0.548,8.1577,1.5538,2.6621,3.915,11.4041,13.9025,9.6856,0.003,0.3069,0.3562,592.196,1.8665,0.235,0.0594,5.6674,0.3045,36.1639,0.504585,0.068667,0.110607,0.078763,0.062391
6015,pak,2004,communcation,30.2249,1.6972,12.5826,29.2904,10.626,59.2623,27.1008,4.8457,0.5179,0.145,7.8281,3.0831,0.9671,0.6081,4.8923,10.8082,5.3678,1.9005,12.0385,18.2205,29.8407,934.178,1.4097,7.1943,72.8434,77.6932,389.468,communcation,0.584,0.2128,1.5815,3.2698,0.2809,39.6484,21.687,2.8851,0.1108,0.1334,1.95,0.3247,0.5095,0.6013,1.3952,2.144,2.8735,0.003,0.0391,0.2195,3.6702,173.828,0.7764,0.3135,16.2179,0.3949,24.484,0.776926,0.013129,0.032562,0.022655,0.015323
6016,pak,2004,finance,117.472,11.6135,21.7859,119.298,38.0845,411.039,159.497,23.8089,3.1172,0.4418,25.4715,13.6404,2.9942,3.0055,25.1098,43.4447,25.4655,2.3842,71.5274,54.2183,329.273,73.1597,43.222,98.3369,27.3501,523.525,629.918,finance,2.2699,1.456,2.7382,13.3179,1.0068,274.998,127.635,14.1757,0.667,0.4063,6.3449,1.4367,1.5776,2.9722,7.1607,8.6181,13.6325,0.0038,0.232,0.653,40.4987,13.6132,23.805,4.2845,6.0892,2.6607,39.5999,0.364999,0.001976,0.002302,0.046183,0.002227
6018,pak,2004,obsict,47.3407,3.2556,12.3068,46.9594,14.4529,97.4967,34.9698,6.9285,1.287,0.1883,12.0462,3.8571,1.0773,0.9683,6.439,14.7227,8.5072,1.0756,18.2737,28.3868,67.4161,19.8624,3.8087,14.021,900.854,296.309,346.843,obsict,0.9147,0.4082,1.5468,5.2423,0.3821,65.2284,27.9841,4.1252,0.2754,0.1732,3.0007,0.4063,0.5676,0.9576,1.8363,2.9205,4.5541,0.0017,0.0593,0.3419,8.2918,3.6959,2.0977,0.6109,200.567,1.5059,21.8043,0.683445,0.017009,0.037108,0.027135,0.019851
6020,pak,2004,oservices,129.089,3.8619,7.6937,83.3313,33.6156,63.0865,15.9158,9.1326,0.4248,0.1547,7.3226,1.326,0.5528,1.05,1.777,6.9584,6.5205,0.2129,7.5561,106.647,10.2476,0.7817,0.1029,0.6707,2.0385,9.9404,14178.0,oservices,2.4943,0.4842,0.967,9.3027,0.8887,42.2069,12.7364,5.4375,0.0909,0.1422,1.824,0.1397,0.2912,1.0384,0.5068,1.3803,3.4906,0.0003,0.0245,1.2845,1.2604,0.1455,0.0567,0.0292,0.4539,0.0505,891.306,0.729966,0.072118,0.168053,0.073822,0.083374
6047,pan,2004,oservices,2.0128,0.4633,0.352,5.8999,0.515,0.1894,1.2294,0.5667,0.0904,0.3756,1.018,0.0493,0.3435,0.078,0.7617,0.3915,0.1435,0.118,11.4276,2.8461,0.8185,0.8655,3.6553,2.4819,3.7844,5.6033,4032.42,oservices,1.21,0.2097,0.025,0.7517,0.085,0.0664,0.1454,0.0851,0.0273,0.1166,0.5743,0.0203,0.3347,0.0462,0.0581,0.0546,0.0308,0.0062,0.0078,0.3819,0.7535,0.415,1.1437,0.4258,1.1197,0.9175,132.448,0.83367,0.042981,0.090103,0.067532,0.069519
6074,per,2004,oservices,5.2161,10.5238,1.6298,16.0099,3.1547,2.2139,13.2232,2.2745,2.0716,1.4114,13.5604,0.6144,14.9768,2.7591,0.4439,11.8894,4.7644,0.0402,16.2303,21.0333,14.6241,2.9256,1.3669,2.3181,3.2157,11.0547,4093.44,oservices,0.9259,7.4452,0.8082,3.3334,0.0351,2.2029,1.525,0.097,0.2202,0.1362,5.6912,0.2691,15.266,0.4378,0.0549,0.9597,0.3126,0.0006,0.0066,0.3198,2.881,0.2047,0.0472,0.4213,0.6295,0.4636,82.7905,0.560139,0.010733,0.014489,0.010406,0.011443
6101,phl,2004,oservices,27.9295,1.31,0.1445,39.4421,2.7302,0.3137,0.4996,0.0557,0.1454,0.0518,1.5941,0.0478,0.2224,0.0237,0.7155,6.1079,0.2488,0.0295,1.1086,8.7624,2.3772,0.445,3.9237,0.8518,5.3546,2.2753,13009.0,oservices,8.1603,0.2545,0.0214,5.8846,0.3077,0.2362,0.3217,0.0306,0.1398,0.0258,0.7624,0.0398,0.2253,0.0214,0.3028,5.8276,0.099,0.0007,0.0128,0.2126,0.8042,0.1012,0.1405,0.0493,1.7567,0.1625,116.87,0.765916,0.002951,0.006695,0.00522,0.004977
6126,pol,2004,obsict,232.773,33.558,242.979,1780.62,82.2973,79.6137,318.63,55.3023,337.21,490.926,557.861,140.067,198.775,198.453,967.433,1078.22,116.81,0.5341,1897.03,2963.94,1123.66,589.014,309.563,138.281,22764.7,977.345,1974.95,obsict,63.9324,17.4197,146.902,340.961,36.0313,78.5389,140.001,25.6612,324.665,250.928,410.881,83.9309,205.024,175.077,773.332,786.185,38.1917,0.0337,50.8037,107.559,552.549,78.1785,18.8747,13.1776,1844.9,73.5155,10.7335,0.586742,0.03531,0.058333,0.125278,0.045216
6128,pol,2004,oservices,42.4142,4.5281,37.9198,275.276,13.8045,12.308,27.591,8.0389,34.2902,36.3499,70.1366,17.5378,32.4722,21.003,80.7572,121.17,12.6161,0.3369,197.326,316.665,164.404,24.462,17.9914,16.6313,525.367,126.824,39803.9,oservices,11.6493,2.3505,22.9258,52.711,6.0439,12.1419,12.123,3.7302,33.0146,18.5796,51.6576,10.509,33.4931,18.5291,64.5544,88.3512,4.1249,0.0213,5.2845,11.4915,80.844,3.2468,1.097,1.5849,42.5767,9.5396,216.327,0.754886,0.003592,0.007634,0.015424,0.004812
6150,prt,2004,communcation,8.9811,6.128,-6.4539,51.4367,26.147,23.3352,29.4549,14.8915,15.8043,32.6542,36.3676,9.7923,4.4621,9.9261,29.6083,74.7184,17.857,4.5381,178.508,758.625,111.964,2359.28,78.1599,35.1478,294.392,161.732,666.195,communcation,1.5866,2.9139,4.0448,11.1021,6.6752,19.7566,12.6639,9.599,15.8132,20.4188,30.5144,9.429,4.8862,8.6764,26.3067,55.8257,2.9677,0.2593,2.6387,61.7329,65.2186,430.045,8.0944,7.3936,37.652,29.0302,12.4157,0.529281,0.012496,0.019018,0.02708,0.016234
6151,prt,2004,finance,51.4661,32.4771,-24.6991,207.686,103.019,132.532,129.12,61.2615,77.0105,75.1729,125.556,37.0574,17.5046,26.1635,111.483,264.518,56.5068,9.2983,749.375,1432.14,232.254,92.011,2728.69,255.828,909.679,180.52,644.884,finance,9.0919,15.4432,15.4795,44.827,26.3004,112.207,55.5144,39.4889,77.054,47.0059,105.348,35.6827,19.1683,22.8695,99.0512,197.634,9.391,0.5313,11.0771,116.54,135.288,16.7716,282.587,53.8153,116.346,32.4027,12.0186,0.697173,0.007794,0.015624,0.051553,0.011207
6153,prt,2004,obsict,102.956,49.6327,-58.6342,610.031,349.282,230.964,241.899,122.085,108.091,206.944,385.165,76.4157,34.2417,61.1296,281.071,637.146,106.262,26.7622,1358.17,5165.76,713.155,231.294,600.138,222.243,14085.3,582.786,3444.25,obsict,18.1879,23.6008,36.7475,131.669,89.1702,195.544,104.003,78.6957,108.152,129.403,323.174,73.5809,37.496,53.4334,249.729,476.043,17.66,1.5292,20.0762,420.362,415.411,42.1599,62.1513,46.7505,1801.48,104.608,64.1898,0.607535,0.047485,0.08295,0.154605,0.065778
6155,prt,2004,oservices,9.7148,2.9982,-2.0556,35.7246,16.574,13.2698,21.1273,7.6363,7.8672,8.7121,19.4081,4.8069,2.1643,4.3566,24.0805,51.2101,20.0444,2.9374,71.4076,240.526,33.0445,6.2476,10.7901,2.4711,88.5703,21.9977,36330.9,oservices,1.7162,1.4257,1.2883,7.7108,4.2313,11.2348,9.0835,4.9223,7.8716,5.4477,16.2844,4.6286,2.37,3.8081,21.3953,38.2616,3.3312,0.1678,1.0555,19.5728,19.2484,1.1388,1.1174,0.5198,11.3279,3.9485,677.092,0.720595,0.018138,0.037582,0.026553,0.025082
6182,pry,2004,oservices,0.0057,0.0004,0.0168,0.0073,0.0016,0.0007,0.0013,0.001,0.0012,0.0006,0.0049,0.0006,0.0003,0.0007,0.0009,0.0013,0.0021,0.0001,0.003,0.0012,0.0009,0.0003,0.0002,0.0002,0.0011,0.0028,519.143,oservices,0.0044,0.0,0.0155,0.0031,0.0001,0.0002,0.0002,0.0005,0.0006,0.0,0.0013,0.0001,0.0003,0.0,0.0,0.0002,0.0001,0.0,0.0,0.0007,0.0004,0.0001,0.0001,0.0002,0.0009,0.0002,25.5918,0.714175,0.008549,0.011469,0.007952,0.009753
6209,qat,2004,oservices,0.0107,0.001,8.2578,0.0405,0.0104,0.0024,0.056,0.0037,0.0004,0.0348,0.6855,0.0053,0.0614,0.0043,0.336,0.3504,0.3408,1.7043,2.3641,0.9557,1.0743,0.1552,0.6308,0.0949,1.2484,1.8398,6288.88,oservices,0.002,0.0008,8.1087,0.0022,0.0007,0.0008,0.0394,0.0006,0.0002,0.0134,0.5947,0.0007,0.041,0.0006,0.1061,0.1968,0.2189,0.0134,0.0176,0.1058,0.6072,0.0197,0.1015,0.0712,0.5382,0.408,125.732,0.908546,0.007513,0.011818,0.008793,0.008502
6236,rou,2004,oservices,57.8293,5.6314,46.7231,237.389,-4.2786,17.002,71.3414,11.7096,37.1713,3.53,25.2837,3.8102,48.5522,18.0197,33.0942,72.2862,10.7445,7.0053,178.78,139.864,72.1473,12.0182,17.5512,2.2385,139.402,12.0874,5428.38,oservices,3.0527,4.9397,15.7639,7.2188,0.8893,19.7484,74.0029,12.5273,37.6777,1.8901,22.08,3.1091,51.3149,15.0218,17.1985,59.5494,3.965,0.0764,2.2532,3.132,29.7695,2.9165,2.6975,2.4738,13.1759,10.3247,35.8573,0.56513,0.002146,0.003438,0.026018,0.002613
6239,rus,2004,energy,1195.77,347.357,53703.1,2252.16,163.955,108.021,97.4293,59.4716,1290.57,167.834,5570.73,143.794,5321.87,273.146,569.921,2077.25,131.791,393.502,3799.77,2265.38,5605.39,156.877,27.8353,64.3071,816.719,410.05,4214.55,energy,61.11,356.169,68470.2,273.588,19.1879,91.5069,24.4693,19.1024,864.422,122.939,4950.26,112.785,5620.67,159.614,262.875,600.24,64.5683,4.3327,84.9837,33.1641,2119.66,21.736,4.8945,15.1485,153.049,27.0848,20.1322,0.378757,0.51875,0.558545,0.463463,0.539383
6256,rus,2004,distribution,1511.21,491.123,10130.8,3910.4,334.544,108.078,181.033,74.8628,501.365,348.921,2065.29,120.087,3751.24,221.645,1188.56,1756.89,175.754,512.045,6240.51,55963.4,3969.71,181.94,53.6385,69.4704,934.153,1024.24,5933.84,distribution,77.2302,503.583,12916.5,475.029,39.1522,91.5548,45.4664,24.0461,335.813,255.585,1835.26,94.1899,3961.85,129.519,548.224,507.669,86.1073,5.6379,139.572,819.279,1501.13,25.2086,9.4317,16.3648,175.056,67.6533,28.3449,0.701107,0.005333,0.010628,0.13546,0.005613
6257,rus,2004,transport,404.398,147.893,3196.04,877.041,91.2077,25.9997,33.5705,22.8769,170.557,116.164,645.677,46.368,1223.51,68.3159,296.135,532.562,46.5559,128.14,2373.45,2992.45,14551.9,87.0024,16.5947,20.5377,273.276,500.825,2287.07,transport,20.6668,151.645,4074.88,106.541,10.6742,22.0248,8.4312,7.3481,114.239,85.0907,573.762,36.3687,1292.21,39.9207,136.592,153.889,22.8091,1.4109,53.0832,43.808,5502.73,12.0546,2.918,4.838,51.2107,33.0807,10.925,0.4194,0.059381,0.070797,0.068914,0.059939
6261,rus,2004,obsict,287.624,184.082,2991.92,792.758,113.565,31.4496,45.9706,27.0755,142.236,130.758,574.407,26.5273,965.68,79.3838,571.258,772.206,62.0601,86.4362,1593.96,3268.07,1337.75,215.453,123.895,60.5452,17908.5,290.397,5093.26,obsict,14.699,188.752,3814.63,96.3028,13.2907,26.6415,11.5455,8.6967,95.2693,95.7808,510.43,20.8066,1019.9,46.3882,263.492,223.136,30.4051,0.9517,35.6496,47.8431,505.864,29.8521,21.7855,14.2623,3355.97,19.1814,24.3296,0.690927,0.021174,0.041589,0.057747,0.022281
6263,rus,2004,oservices,12.627,9.3825,95.5937,28.7686,4.0886,2.1575,2.0036,1.5929,5.4593,5.4062,25.8052,1.0612,34.4967,5.8531,17.2308,20.2287,3.6443,4.9374,61.3635,58.052,39.8637,6.688,5.1683,4.9967,28.4286,13.8939,69284.6,oservices,0.6453,9.6205,121.88,3.4948,0.4785,1.8276,0.5032,0.5117,3.6566,3.9601,22.931,0.8323,36.4335,3.4203,7.9477,5.8453,1.7855,0.0544,1.3724,0.8499,15.0743,0.9267,0.9088,1.1771,5.3274,0.9177,330.96,0.643187,0.002466,0.004508,0.003197,0.002567
6290,rwa,2004,oservices,0.0021,0.0026,0.0801,0.0277,0.0027,0.0015,0.0086,0.0008,0.0001,0.0002,0.0017,0.0026,0.0003,0.0001,0.0006,0.0012,0.0004,0.0003,0.0116,0.0006,0.0033,0.0012,0.0001,0.0001,0.0005,0.0046,287.105,oservices,0.0002,0.001,0.0742,0.0025,0.0,0.0003,0.0005,0.0002,0.0,0.0,0.0002,0.0,0.0002,0.0,0.0001,0.0001,0.0001,0.0,0.0,0.0,0.0017,0.0001,0.0,0.0,0.0001,0.0005,32.4114,0.668209,0.129302,0.183247,0.132376,0.180368
6317,sau,2004,oservices,0.3499,0.018,52.9852,0.6182,0.1978,0.0639,0.3697,0.0743,0.0189,0.5385,3.6704,0.2462,0.2844,0.0964,6.9682,4.1238,1.62,6.4991,13.7887,8.7736,4.282,1.1335,4.9589,0.5598,3.9531,7.7044,41800.8,oservices,0.0229,0.0122,49.5593,0.0755,0.0146,0.0273,0.011,0.0224,0.0033,0.2258,2.5492,0.0265,0.1151,0.0322,0.3569,0.9507,0.2231,0.0308,0.1,0.2905,1.1681,0.0925,0.2777,0.3497,1.3072,1.2303,442.512,0.903774,0.003785,0.005132,0.004363,0.004031
6344,sen,2004,oservices,0.0062,0.0293,0.0051,0.0676,0.0105,0.0096,0.0593,0.0008,0.0462,0.0018,0.0325,0.0037,0.0021,0.0004,0.0055,0.0055,0.0014,0.0,0.047,0.1581,0.0397,0.0107,0.002,0.0017,0.0035,0.0229,1461.51,oservices,0.0005,0.0093,0.0012,0.02,0.0012,0.0042,0.0023,0.0008,0.0029,0.0012,0.0242,0.002,0.002,0.0002,0.0017,0.0021,0.0006,0.0,0.0033,0.0056,0.015,0.0051,0.0005,0.0007,0.0024,0.0019,70.0528,0.82998,0.046434,0.075562,0.055399,0.059634
6363,sgp,2004,construction,0.5788,0.34,4.2864,3.6495,1.7173,0.905,0.2207,0.1464,0.2888,1.69,14.0786,1.1347,1.836,1.6002,2.9655,28.3462,5.1987,1.2207,2709.71,12.494,17.911,0.8723,3.4842,1.126,71.8611,5.0686,289.989,construction,0.5661,0.317,4.0535,2.8631,1.4639,0.9008,0.2113,0.1447,0.2913,1.4913,14.0752,1.1277,1.834,1.445,2.7932,27.8169,4.5664,0.1017,195.522,4.4138,16.461,0.3578,1.65,0.6747,48.565,1.5004,12.2879,0.199559,0.003475,0.00264,0.005452,0.004413
6364,sgp,2004,distribution,4.5898,6.6817,243.451,77.9214,33.2989,22.3567,2.51,5.7301,5.585,29.7671,766.507,12.9133,58.1516,33.3569,40.7216,640.025,42.492,1.1807,224.625,7635.47,597.317,10.0999,21.8383,10.1327,165.512,33.8366,236.47,distribution,4.4891,6.2299,230.224,61.1304,28.3848,22.254,2.4021,5.6644,5.6339,26.2658,766.32,12.8338,58.0896,30.1217,38.3549,628.074,37.324,0.0984,16.2081,2697.38,548.961,4.1426,10.342,6.0716,111.856,10.0162,10.0201,0.502174,0.030861,0.058995,0.084398,0.05426
6365,sgp,2004,transport,7.1253,3.3517,25.1785,21.8285,16.7961,8.4018,0.7365,2.8691,2.351,11.4158,152.885,6.0377,14.6636,10.1269,16.9938,294.949,22.2419,0.4771,136.213,532.779,11637.1,12.8455,37.2832,12.8854,245.02,20.9848,257.15,transport,6.969,3.1251,23.8106,17.1248,14.3174,8.3632,0.7048,2.8362,2.3716,10.073,152.848,6.0006,14.648,9.1447,16.0061,289.442,19.5367,0.0398,9.8286,188.215,10695.0,5.2687,17.6562,7.721,165.589,6.2119,10.8964,0.367628,0.144967,0.202875,0.183638,0.203841
6367,sgp,2004,finance,7.4193,2.7519,37.967,15.4235,10.6182,7.617,1.3019,4.8379,1.8486,9.7196,124.008,3.5094,11.6938,8.2203,16.7197,364.88,19.9635,3.5097,100.576,322.753,216.556,8.3491,3530.75,127.136,465.337,37.0731,1310.41,finance,7.2565,2.5658,35.9043,12.1,9.0512,7.5821,1.2459,4.7824,1.8648,8.5764,123.978,3.4878,11.6813,7.4231,15.7479,358.066,17.5354,0.2925,7.2572,114.019,199.024,3.4245,1672.06,76.1813,314.483,10.9743,55.5268,0.500561,0.015662,0.029844,0.04836,0.029604
6369,sgp,2004,obsict,7.5755,3.7807,84.345,85.3232,112.536,32.1146,3.4211,6.7134,5.5584,47.2438,322.807,14.8863,31.4333,32.1083,81.3286,1312.71,51.9537,7.798,305.766,792.813,816.603,80.7675,276.14,84.8597,10253.7,202.601,1536.44,obsict,7.4093,3.5251,79.7625,66.9373,95.9285,31.9671,3.274,6.6363,5.6071,41.6868,322.728,14.7948,31.3997,28.9941,76.6017,1288.2,45.6349,0.6499,22.0629,280.077,750.494,33.1276,130.772,50.8487,6929.66,59.9735,65.1047,0.42633,0.079486,0.128999,0.164341,0.127789
6371,sgp,2004,oservices,1.2494,0.3942,16.676,16.3628,7.7598,8.089,1.333,1.2081,0.9844,8.2135,87.2403,6.1713,19.8037,7.0514,20.5768,212.364,25.5362,1.675,56.7903,119.336,139.413,6.136,23.3358,12.821,269.355,30.9316,12461.8,oservices,1.222,0.3676,15.77,12.8368,6.6146,8.0519,1.2757,1.1942,0.993,7.2474,87.219,6.1333,19.7826,6.3675,19.3809,208.398,22.4303,0.1396,4.0978,42.1578,128.127,2.5168,11.0512,7.6824,182.035,9.1563,528.053,0.454044,0.006099,0.010542,0.02103,0.011125
6398,slv,2004,oservices,0.0074,0.001,0.0023,0.0118,0.0025,0.0117,0.0067,0.0027,0.0011,0.0048,0.0164,0.0007,0.0011,0.0014,0.0081,0.0119,0.0018,0.001,0.0078,0.0072,0.007,0.0085,0.0021,0.0019,0.0008,0.0133,2342.07,oservices,0.0009,0.0001,0.0004,0.0019,0.0004,0.0093,0.005,0.0003,0.0002,0.0013,0.0061,0.0004,0.0008,0.0004,0.0004,0.004,0.0005,0.0,0.0001,0.0003,0.0032,0.0022,0.0002,0.0007,0.0003,0.0011,51.5038,0.833805,0.014862,0.027526,0.015916,0.017866
6425,svk,2004,oservices,4.3046,1.8224,6.8784,25.4918,1.3865,3.3488,2.0173,2.9369,4.0705,3.8209,9.7656,3.326,7.6771,3.5622,26.5462,30.2574,3.6448,3.2573,37.0639,28.824,24.633,2.7751,3.1631,2.0116,23.7537,10.4589,7813.8,oservices,1.2478,1.2428,7.4007,2.8842,1.1785,3.0081,1.9688,2.3658,3.6502,2.9542,8.1863,2.6921,8.0616,3.5398,25.5085,25.137,1.6677,0.0836,0.4589,2.6574,14.8177,0.3978,0.3698,0.1699,2.9906,1.5099,47.9169,0.680565,0.002249,0.005428,0.010139,0.003495
6452,svn,2004,oservices,6.7678,11.5065,9.8523,16.5154,1.2631,9.5846,20.5218,3.0572,27.8328,11.8262,31.1402,4.1507,17.9838,9.6713,45.4985,60.1508,15.8335,0.7417,55.2125,49.946,94.4761,4.4932,13.9619,13.1125,57.4257,25.6092,4378.11,oservices,1.0969,3.9997,6.4992,3.1644,2.2382,9.0879,8.5308,2.5707,28.2669,10.707,31.729,4.0427,18.6822,8.7997,35.2512,49.1893,5.755,0.0653,0.9711,5.4096,70.4724,1.1373,1.4462,2.2684,10.5271,5.1379,52.6038,0.599101,0.004481,0.008526,0.034373,0.006148
6477,swe,2004,obsict,96.3821,109.826,-76.9269,1263.35,405.552,138.785,36.88,20.9609,463.634,1615.94,2825.11,126.313,775.459,583.888,5153.59,9148.47,346.378,0.1986,2319.83,4946.28,3293.35,657.095,1106.84,528.386,45692.6,1474.49,10619.3,obsict,26.4882,99.2138,168.762,298.393,103.795,129.074,61.8609,25.8429,468.333,1426.28,2754.72,110.81,798.994,485.424,3635.94,7668.68,106.34,0.0177,68.9562,1165.16,1720.96,202.071,190.846,178.381,8140.34,98.1864,43.0822,0.565654,0.074887,0.130351,0.286013,0.093614
6479,swe,2004,oservices,16.4399,11.7424,-8.5266,115.131,34.7692,19.072,7.4246,3.0772,55.669,141.711,184.318,14.3287,83.6855,61.6249,368.141,689.19,41.8222,0.0335,164.496,304.24,349.938,45.2365,70.7713,50.7482,1272.5,171.425,60705.0,oservices,4.5181,10.6077,18.7058,27.1928,8.8986,17.7375,12.4536,3.7939,56.2332,125.078,179.726,12.5701,86.2253,51.2328,259.729,577.711,12.8396,0.003,4.8896,71.6675,182.861,13.9112,12.2027,17.1323,226.701,11.4152,246.279,0.650193,0.002432,0.004867,0.021347,0.003077
6506,tgo,2004,oservices,0.1615,0.0023,0.0,0.0395,0.0016,0.001,0.0004,0.0003,0.0002,0.0,0.0021,0.0022,0.0012,0.0001,0.0001,0.0006,0.0008,0.0001,0.0043,0.0017,0.0027,0.0015,0.0002,0.0001,0.0011,0.0028,254.757,oservices,0.0455,0.0015,0.0,0.0073,0.0002,0.0006,0.0,0.0,0.0002,0.0,0.0013,0.0023,0.0014,0.0001,0.0001,0.0002,0.0002,0.0,0.0,0.0001,0.0008,0.0004,0.0,0.0,0.0009,0.0001,22.8905,0.677276,0.050803,0.079893,0.052206,0.05945
6526,tha,2004,distribution,348.15,73.6218,58.0161,1383.28,186.777,267.297,626.782,317.75,398.83,154.818,1108.42,78.2945,67.7147,124.443,828.735,3057.4,535.535,5.1892,1080.98,20776.8,708.18,22.5694,17.2661,33.5159,213.964,197.904,526.527,distribution,116.026,29.2233,38.4307,907.448,19.6883,243.04,290.668,176.677,276.347,112.012,998.783,67.1205,67.084,77.1518,388.352,2945.8,355.334,0.4345,19.6975,2266.99,460.281,5.2338,2.6998,8.6362,183.252,47.7005,13.7422,0.715506,0.024493,0.060778,0.150854,0.040631
6533,tha,2004,oservices,5.4021,2.0924,11.074,26.3207,9.6708,8.6202,16.2382,3.6523,4.7263,4.896,40.2037,7.7799,5.2427,3.8026,25.7711,69.2239,11.2359,2.8007,33.8022,43.9197,46.2497,5.521,2.0052,20.1381,35.9241,20.5332,15703.5,oservices,1.8003,0.8305,7.3356,17.2667,1.0194,7.8379,7.5304,2.0308,3.2748,3.5423,36.2271,6.6695,5.1938,2.3575,12.0765,66.6972,7.4551,0.2345,0.6159,4.7921,30.0599,1.2803,0.3135,5.1891,30.7677,4.9491,409.854,0.823551,0.004066,0.011614,0.010097,0.00681
6560,tun,2004,oservices,0.3804,0.3022,0.0753,0.8959,0.3503,0.7442,0.7631,0.2443,0.1268,0.0574,2.3938,0.2841,0.1023,0.0736,0.2128,0.8397,0.0741,0.009,1.9647,1.9772,0.6813,0.0026,0.039,0.0083,0.2859,2.424,4080.48,oservices,0.0303,0.1113,0.0572,0.3305,0.0244,0.6192,0.7148,0.1753,0.0383,0.0334,1.6215,0.3231,0.0595,0.0778,0.1025,0.7284,0.0391,0.001,0.0764,0.2686,0.5026,0.0008,0.0056,0.0048,0.0798,0.6573,247.016,0.76011,0.024199,0.058764,0.032355,0.035768
6580,tur,2004,distribution,774.769,70.768,-58.5148,2027.04,273.307,592.897,568.505,81.8509,56.6051,268.46,687.345,143.588,346.456,265.925,913.748,1498.39,390.041,8.396,2460.89,40579.6,4299.1,20.3137,348.741,54.1988,389.135,153.892,828.69,distribution,89.3139,19.4236,11.9152,189.473,10.9242,442.473,459.683,33.4916,55.9025,45.7131,223.142,102.392,345.949,144.917,526.674,632.913,59.7341,0.1762,36.3907,1317.47,1215.73,2.9178,15.383,20.5782,26.4709,64.7045,16.0927,0.734794,0.020461,0.034175,0.095986,0.025735
6583,tur,2004,finance,1119.53,42.9724,-62.559,791.063,94.6945,861.386,442.968,27.2292,27.8427,91.9548,334.602,101.011,156.24,127.178,701.091,587.781,116.237,7.0395,1385.91,2569.79,986.837,9.5014,10696.6,42.7683,170.772,147.964,990.133,finance,129.057,11.7946,12.7386,73.9428,3.785,642.844,358.176,11.1416,27.4971,15.6579,108.627,72.0304,156.011,69.3067,404.101,248.276,17.8014,0.1477,20.4943,83.4314,279.064,1.3648,471.829,16.2383,11.6167,62.2124,19.2279,0.652768,0.007888,0.011704,0.052289,0.00967
6585,tur,2004,obsict,123.49,53.064,-30.7572,395.409,39.1107,234.454,189.713,28.5085,14.7492,70.2944,220.603,47.9524,46.6345,58.502,307.935,453.263,109.088,2.9069,680.093,930.569,348.843,10.1252,651.67,49.1978,4818.29,219.248,709.429,obsict,14.2357,14.5644,6.263,36.96,1.5633,174.971,153.398,11.6651,14.5661,11.9696,71.6173,34.1946,46.5663,31.8811,177.49,191.456,16.7066,0.061,10.0569,30.2121,98.648,1.4544,28.7453,18.6795,327.764,92.1839,13.7767,0.603104,0.005797,0.007946,0.025633,0.006894
6587,tur,2004,oservices,17.6357,1.1441,-1.1167,25.1753,1.9324,11.4785,6.802,0.6485,0.5051,1.9761,6.9047,1.8034,2.5085,2.1465,11.3608,14.2331,2.8233,0.1155,23.9468,37.9975,62.8455,1.62,108.035,5.4728,47.3406,8.2727,56957.7,oservices,2.033,0.314,0.2274,2.3532,0.0772,8.5663,5.5,0.2654,0.4988,0.3365,2.2416,1.286,2.5049,1.1697,6.5482,6.012,0.4324,0.0024,0.3541,1.2336,17.7719,0.2327,4.7655,2.0779,3.2203,3.4783,1106.09,0.883447,0.014858,0.029836,0.018531,0.019092
6597,twn,2004,paperpub,24.1916,6.5507,6.429,119.316,59.5956,94.9158,28.5396,7.9583,16.4457,1169.78,202.037,18.5316,38.7893,61.1758,65.4599,830.468,47.4089,1.3631,177.895,412.381,61.5785,26.9177,49.6949,50.1876,254.822,84.4079,556.343,paperpub,2.2553,1.1818,3.3109,18.8768,1.9584,94.5422,13.7359,6.7148,16.4783,646.737,189.4,17.2543,39.078,54.9518,34.0183,735.956,35.7801,0.0359,2.7479,18.6565,32.1282,3.4908,12.2825,5.8176,189.746,8.185,10.2144,0.359317,0.006306,0.008029,0.017229,0.007839
6606,twn,2004,construction,7.2714,3.4667,11.6423,14.8938,4.5337,16.3488,5.5423,1.1721,2.6499,3.1302,38.429,2.8835,9.6016,8.9707,11.9001,122.48,4.9846,3.1299,8653.14,61.8682,41.6647,37.7904,5.8215,5.9352,5.8677,17.4371,1282.61,construction,0.6779,0.6254,5.9957,2.3563,0.149,16.2845,2.6675,0.9889,2.6551,1.7306,36.0255,2.6848,9.6731,8.058,6.1843,108.541,3.7619,0.0824,133.665,2.799,21.7383,4.9008,1.4388,0.688,4.3692,1.6909,23.5485,0.334989,0.001771,0.002102,0.00317,0.002266
6607,twn,2004,distribution,220.556,77.0286,42.9825,928.376,178.767,741.965,255.944,52.1703,153.439,198.849,1554.2,101.312,582.315,630.315,1082.13,8617.31,298.784,11.6864,1964.03,27522.5,469.683,41.9105,42.8491,45.3002,182.434,226.61,1621.39,distribution,20.5615,13.896,22.1355,146.877,5.8745,739.045,123.184,44.0186,153.742,109.937,1456.99,94.3289,586.649,566.187,562.366,7636.61,225.496,0.3076,30.3383,1245.15,245.054,5.4351,10.5905,5.2511,135.844,21.9743,29.7686,0.679481,0.007899,0.019019,0.111729,0.012773
6609,twn,2004,communcation,18.6622,13.5694,5.9778,60.0877,13.9269,67.9828,22.8399,5.3659,13.8245,21.6573,136.533,10.2233,45.6722,62.7636,69.6083,884.554,29.8028,1.6527,196.704,714.13,115.515,3404.39,47.4913,46.9143,60.202,84.8188,939.831,communcation,1.7398,2.4479,3.0785,9.5064,0.4577,67.7152,10.9926,4.5275,13.8518,11.9736,127.994,9.5186,46.0121,56.3782,36.1742,783.887,22.4926,0.0435,3.0385,32.3079,60.2693,441.497,11.7379,5.4382,44.8276,8.2249,17.2552,0.750336,0.00252,0.006699,0.014387,0.004029
6610,twn,2004,finance,405.393,41.5983,80.6107,683.526,122.906,601.29,138.347,63.1253,97.8878,109.358,928.632,76.8306,489.368,370.882,393.533,5103.59,147.935,21.6118,960.202,1892.8,295.851,46.4281,3355.69,115.813,330.39,1293.42,1333.62,finance,37.793,7.5044,41.5137,108.14,4.0389,598.923,66.5855,53.2619,98.0813,60.4608,870.552,71.5347,493.011,333.149,204.512,4522.78,111.648,0.5688,14.8322,85.6321,154.359,6.021,829.385,13.4247,246.015,125.422,24.4851,0.698154,0.00456,0.01128,0.072068,0.007607
6612,twn,2004,obsict,106.601,24.767,47.6033,425.041,127.981,310.325,95.0313,22.8216,48.0751,82.9262,788.349,43.7103,189.602,227.049,330.807,3786.06,127.333,7.5989,1001.54,2791.12,391.537,259.627,241.405,432.859,3869.7,523.05,1302.94,obsict,9.938,4.468,24.5152,67.2451,4.2056,309.103,45.7378,19.2557,48.1701,45.8473,739.042,40.6974,191.013,203.95,171.915,3355.19,96.1001,0.2,15.4707,126.273,204.282,33.6696,59.6651,50.1759,2881.46,50.72,23.9219,0.604723,0.019382,0.041532,0.069232,0.030493
6614,twn,2004,oservices,25.694,6.8273,6.857,80.3779,17.4689,100.931,24.0528,7.7504,14.087,16.9368,177.794,13.2407,67.4643,51.6983,111.979,1051.46,26.3018,1.7701,261.241,370.846,92.8758,7.7788,85.7687,131.405,35.4822,79.5189,69324.9,oservices,2.3953,1.2316,3.5313,12.7165,0.5741,100.534,11.5764,6.5394,14.1149,9.3639,166.673,12.328,67.9665,46.4385,58.1934,931.795,19.8503,0.0466,4.0354,16.7774,48.4573,1.0088,21.1984,15.2321,26.4207,7.7109,1272.8,0.796595,0.007057,0.019919,0.022597,0.011493
6639,tza,2004,obsict,13.3702,3.7184,4.6981,16.0037,5.2518,1.1545,1.8842,0.4282,0.3158,0.1833,1.4134,0.6539,5.1804,0.1609,1.1034,1.8525,0.6535,1.6305,30.7278,45.7174,21.0643,3.8351,0.5252,3.2131,122.732,9.4645,545.85,obsict,2.8689,1.7548,0.0386,2.9981,0.3097,1.0561,0.7034,0.2054,0.153,0.0776,0.6184,0.2876,4.6619,0.0395,0.2036,0.4189,0.4752,0.3092,0.2424,5.6147,16.9349,2.9834,0.3482,3.0975,89.7869,3.9599,23.187,0.606269,0.040826,0.044146,0.079373,0.045357
6641,tza,2004,oservices,0.028,0.0102,0.0055,0.0299,0.0091,0.0024,0.0047,0.0009,0.0007,0.0003,0.0027,0.0017,0.0093,0.0004,0.0024,0.0038,0.0012,0.0019,0.0404,0.0882,0.0252,0.0049,0.0005,0.0032,0.0669,0.0662,1194.31,oservices,0.006,0.0048,0.0,0.0056,0.0005,0.0022,0.0017,0.0004,0.0003,0.0001,0.0012,0.0007,0.0084,0.0001,0.0005,0.0009,0.0009,0.0004,0.0003,0.0108,0.0202,0.0038,0.0003,0.0031,0.049,0.0277,50.7326,0.524531,0.038943,0.036433,0.024727,0.04137
6668,uga,2004,oservices,8.1097,0.6486,2.3168,16.1923,3.6314,0.1988,0.2933,0.0429,0.0897,0.3059,1.8473,0.0577,0.7271,0.0089,2.5996,0.6665,0.0258,0.1826,5.4324,6.4879,0.9904,1.3317,0.1814,0.1043,0.2881,2.2909,1549.75,oservices,2.505,0.0393,2.3031,3.6537,0.0672,0.2039,0.0598,0.0105,0.0339,0.0499,0.3979,0.0222,0.7981,0.015,0.2592,0.1883,0.0312,0.0079,0.0202,0.4169,0.3522,0.2357,0.0943,0.0776,0.055,0.2642,53.6519,0.691191,0.039521,0.050022,0.044827,0.044959
6671,ukr,2004,energy,502.615,479.445,9272.72,702.532,180.317,60.9908,121.481,55.4262,230.62,125.407,1484.75,157.162,3723.22,164.383,293.758,841.304,169.291,33.7951,763.402,213.588,1806.23,35.0388,0.7769,1.3809,212.655,29.6306,1263.89,energy,212.915,465.419,2284.05,426.993,73.4868,50.0412,108.284,46.6329,226.893,114.801,1428.19,144.671,3765.93,165.887,241.54,683.497,92.5458,6.0146,9.4999,32.0142,1638.31,10.4398,1.4561,1.477,87.0912,10.8898,72.8546,0.378372,0.107792,0.237947,0.542234,0.122533
6688,ukr,2004,distribution,56.9918,30.7064,439.812,161.262,41.3344,7.5781,15.1074,6.892,12.0651,9.4386,70.423,9.4157,309.698,12.1407,113.695,138.514,8.0299,1.9539,226.473,1888.49,204.733,10.5366,0.394,0.7007,44.5037,9.076,418.738,distribution,24.1426,29.8081,108.334,98.0132,16.8455,6.2176,13.4662,5.7986,11.8701,8.6404,67.7403,8.6673,313.251,12.2518,93.4848,112.532,4.3897,0.3477,2.8183,283.061,185.699,3.1394,0.7385,0.7495,18.2261,3.3356,24.1373,0.520671,0.012749,0.038728,0.063734,0.018118
6691,ukr,2004,finance,39.7331,29.1288,482.129,70.9593,18.2043,4.4588,8.8829,4.0526,12.7694,8.933,77.1988,8.9834,257.302,10.6261,86.5685,114.207,8.8023,2.646,98.8297,271.956,150.472,10.565,14.0877,4.1847,49.57,6.6318,255.633,finance,16.8315,28.2766,118.758,43.1284,7.419,3.6583,7.9179,3.4097,12.563,8.1775,74.2581,8.2694,260.253,10.7234,71.1804,92.7848,4.8119,0.4709,1.2299,40.7628,136.484,3.1478,26.4041,4.476,20.301,2.4373,14.7355,0.570786,0.000967,0.003221,0.044722,0.001442
6693,ukr,2004,obsict,35.6923,22.1057,349.374,75.5134,19.3785,3.6908,7.3578,3.355,9.5559,7.4124,55.9421,6.698,177.698,7.4151,55.4339,75.5626,6.3787,2.1948,101.318,177.327,134.677,19.4336,0.9488,1.6865,928.375,22.3558,352.813,obsict,15.1198,21.459,86.0576,45.8963,7.8975,3.0282,6.5585,2.8228,9.4015,6.7855,53.811,6.1657,179.736,7.4829,45.5801,61.3889,3.487,0.3906,1.2608,26.5791,122.157,5.7902,1.7782,1.8038,380.209,8.2162,20.3372,0.500375,0.01718,0.050154,0.049458,0.023732
6695,ukr,2004,oservices,12.2532,10.9157,175.779,23.1167,5.9304,1.5253,3.0389,1.3864,4.5524,2.9372,28.1458,3.1558,85.9701,3.6183,19.5079,29.7334,3.2092,0.9639,30.5967,28.7291,53.8094,2.7422,0.3808,0.6771,24.2543,3.2315,7606.16,oservices,5.1906,10.5963,43.2976,14.0501,2.4169,1.2514,2.7088,1.1665,4.4788,2.6888,27.0736,2.905,86.9562,3.6514,16.0402,24.1562,1.7544,0.1716,0.3808,4.3061,48.8069,0.817,0.7138,0.7242,9.9332,1.1876,438.441,0.561614,0.019119,0.062645,0.033048,0.026512
6722,ury,2004,oservices,5.0809,0.358,0.7587,30.3709,3.27,2.5105,8.6301,4.4493,0.6064,1.8465,4.4592,0.2605,0.1657,0.3845,0.5664,1.4686,3.095,0.2517,5.1311,74.1461,11.1951,1.7809,0.0624,1.296,5.8888,18.2241,3438.93,oservices,3.8922,0.2791,0.3416,18.7424,1.0247,2.0399,2.5209,3.9933,0.6062,0.8789,3.8031,0.2318,0.1638,0.0772,0.3711,0.6521,0.2465,0.0098,0.0049,2.6419,6.5462,0.266,0.4497,0.1904,2.9382,2.0134,90.249,0.726207,0.026627,0.05249,0.050847,0.037175
6723,usa,2004,primaryagr,44331.9,35.041,51.53,33805.4,2613.59,422.847,211.531,101.411,84.0758,79.3619,523.849,6.9815,17.4265,21.5744,383.586,574.472,100.825,26.2433,1302.27,3023.65,137.256,145.031,265.271,121.731,573.372,7956.47,5591.46,primaryagr,18919.7,22.2429,11.0244,2917.3,153.909,126.844,12.325,30.6906,8.0956,19.4182,276.044,4.7807,19.1132,10.7257,112.638,223.723,26.3794,0.2528,4.1913,27.6614,38.7454,4.667,11.1035,5.9171,168.469,224.7,55.7268,0.436833,0.036236,0.038831,0.025543,0.039072
6724,usa,2004,otherprim,178.582,5747.45,160.702,1029.27,162.716,56.1555,156.439,8.9492,3141.13,250.724,1112.11,300.816,407.888,139.427,1107.8,1509.84,131.986,74.3721,7835.28,967.336,151.961,138.848,110.617,56.9909,90.2809,933.355,2878.85,otherprim,76.2139,3648.29,34.3807,88.823,9.582,16.8453,9.115,2.7083,302.458,61.3469,586.032,205.989,447.368,69.3164,325.3,587.994,34.532,0.7165,25.2176,8.8495,42.8965,4.468,4.6301,2.7702,26.5266,26.359,28.6918,0.537,0.005926,0.007807,0.007278,0.006362
6725,usa,2004,energy,2435.4,345.549,66567.9,9013.08,1679.31,1375.65,1334.49,150.97,2037.59,3258.87,15959.7,540.865,1432.64,898.805,9972.41,13487.9,998.591,1275.25,12836.6,21277.4,25731.0,1585.39,3458.79,1349.44,1888.34,21701.6,44486.8,energy,1039.36,219.344,14241.6,777.802,98.891,412.662,77.7548,45.689,196.199,797.377,8410.03,370.366,1571.3,446.842,2928.34,5252.75,261.265,12.2862,41.3142,194.653,7263.5,51.0164,144.776,65.5936,554.838,612.877,443.374,0.338464,0.028207,0.02342,0.050715,0.0229
6726,usa,2004,procfoods,4219.94,50.4378,56.9056,127415.0,1245.81,99.8375,94.2982,263.491,107.585,141.927,540.601,9.7792,24.4278,29.6355,480.607,789.744,129.811,24.1532,748.477,5155.4,199.073,223.862,250.633,141.274,284.763,22682.5,12254.5,procfoods,1800.96,32.0163,12.1745,10995.6,73.3629,29.9488,5.4943,79.7419,10.3593,34.7266,284.871,6.6965,26.7922,14.7333,141.128,307.559,33.9628,0.2327,2.409,47.1633,56.1955,7.2037,10.4908,6.8671,83.6697,640.579,122.134,0.323172,0.026156,0.020736,0.016204,0.027587
6728,usa,2004,textiles,244.03,9.6004,56.8849,420.824,65.0136,22158.5,7720.99,196.51,952.397,243.527,862.876,13.0267,14.7605,24.8009,3158.07,1034.2,358.228,29.2905,1808.58,2083.46,128.498,76.3577,138.2,59.9092,123.055,770.047,2664.34,textiles,104.145,6.094,12.17,36.3159,3.8285,6647.01,449.867,59.471,91.7061,59.586,454.695,8.9203,16.1892,12.3298,927.349,402.76,93.7246,0.2822,5.8209,19.0602,36.2733,2.4571,5.7847,2.9121,36.1564,21.747,26.5539,0.358966,0.013967,0.012299,0.010401,0.013504
6731,usa,2004,lumber,339.524,19.2553,350.25,782.644,168.685,82.2844,80.2272,10.6982,44630.8,1482.29,485.951,47.5524,74.2134,77.2269,2426.63,1918.97,558.252,224.512,26316.4,3018.78,404.264,430.511,403.959,209.567,281.309,1445.17,7822.89,lumber,144.9,12.2226,74.933,67.5399,9.9335,24.6833,4.6745,3.2377,4297.49,362.686,256.073,32.5623,81.3968,38.3934,712.565,747.328,146.058,2.163,84.6987,27.6167,114.118,13.8534,16.9086,10.1866,82.655,40.8133,77.9661,0.402535,0.008031,0.007931,0.008161,0.008052
6732,usa,2004,paperpub,1245.54,60.2308,399.921,10292.4,2134.58,467.403,570.976,105.31,859.918,52833.3,4386.76,163.562,153.279,340.501,3320.72,7924.75,1335.08,195.96,6605.5,18354.7,1180.88,2427.39,5090.17,2392.22,3843.35,8878.45,41317.3,paperpub,531.564,38.2326,85.5597,888.208,125.701,140.21,33.2682,31.8704,82.8013,12927.2,2311.61,112.002,168.116,169.281,975.11,3086.23,349.302,1.8879,21.2596,167.914,333.345,78.1113,213.061,116.281,1129.26,250.738,411.785,0.457819,0.021015,0.023601,0.027008,0.022023
6733,usa,2004,chemicals,2574.84,144.368,876.74,8269.65,2023.89,4166.32,2459.09,309.066,2118.58,2991.56,131255.0,224.49,393.773,802.942,15646.3,16901.3,2417.87,495.439,16971.5,12174.2,1316.27,1055.39,1279.05,678.191,1542.67,7524.89,42170.4,chemicals,1098.87,91.6402,187.571,713.646,119.183,1249.79,143.28,93.5346,203.998,731.972,69165.4,153.723,431.887,399.184,4594.44,6582.07,632.596,4.7732,54.6224,111.373,371.563,33.9616,53.5376,32.9655,453.27,212.511,420.288,0.37849,0.135175,0.125509,0.096283,0.131014
6734,usa,2004,nonmetmin,183.937,33.886,423.256,1052.0,1574.48,127.092,86.962,14.5352,435.37,131.566,873.959,5374.55,202.08,150.249,2497.2,3542.95,199.479,276.086,23995.6,2149.32,405.228,370.5,279.665,132.624,204.584,1553.21,8207.05,nonmetmin,78.4995,21.5097,90.552,90.7848,92.7178,38.1245,5.0669,4.3989,41.9217,32.1915,460.535,3680.31,221.639,74.6965,733.29,1379.77,52.1904,2.6599,77.229,19.6626,114.39,11.9224,11.706,6.4466,60.1114,43.8644,81.7948,0.468909,0.006568,0.007555,0.008205,0.006862
6735,usa,2004,metals,152.575,51.5986,334.975,753.409,544.087,70.2497,78.4258,16.276,831.582,237.104,772.648,41.6405,9014.23,2602.0,13117.2,20434.5,1084.85,121.198,10034.0,2821.5,476.708,436.725,289.805,155.049,335.1,1154.98,6498.42,metals,65.1149,32.7531,71.6651,65.017,32.0402,21.0732,4.5695,4.9257,80.0728,58.0144,407.149,28.514,9886.75,1293.59,3851.8,7958.04,283.833,1.1677,32.2942,25.812,134.568,14.0534,12.1304,7.5366,98.46,32.6178,64.7659,0.300697,0.024679,0.018204,0.026777,0.023526
6736,usa,2004,fabmetals,406.957,55.46,596.005,3105.3,3102.59,139.327,143.936,57.7536,1672.83,391.865,1741.67,55.6866,305.479,16770.3,20616.6,19171.1,733.633,289.056,29332.5,5958.55,885.235,953.534,600.167,357.504,529.687,3066.44,13569.9,fabmetals,173.678,35.2042,127.51,267.979,182.705,41.7946,8.3865,17.4783,161.076,95.8811,917.781,38.1323,335.048,8337.37,6053.94,7466.02,191.943,2.7849,94.4058,54.5107,249.889,30.6839,25.1214,17.3775,155.634,86.5997,135.243,0.431021,0.016518,0.017465,0.027579,0.016856
6737,usa,2004,transpequip,106.266,14.2544,79.9699,423.279,80.5471,41.2306,53.2527,6.0659,128.197,72.9648,214.071,10.9493,28.5194,40.8989,164599.0,1572.53,66.2541,225.978,1072.43,5523.94,929.42,110.31,213.187,113.009,177.702,1926.86,14045.0,transpequip,45.3516,9.0482,17.1089,36.5277,4.7433,12.3682,3.1028,1.8358,12.3441,17.853,112.805,7.4977,31.2799,20.3329,48333.5,612.408,17.3343,2.1771,3.4516,50.5348,262.362,3.5497,8.9234,5.4931,52.213,54.4166,139.979,0.286533,0.134023,0.094206,0.054362,0.12375
6738,usa,2004,machinery,744.349,173.626,1022.54,2130.96,591.161,353.871,418.684,41.1486,764.086,760.143,2109.4,93.2025,850.53,776.352,22145.0,329014.0,1272.01,557.201,20020.9,13416.6,1779.5,3890.78,2040.97,945.763,3089.6,4889.29,38981.5,machinery,317.668,110.213,218.763,183.896,34.8122,106.153,24.3948,12.453,73.5737,185.991,1111.55,63.822,932.855,385.964,6502.77,128132.0,332.802,5.3682,64.4368,122.74,502.327,125.202,85.4297,45.9716,907.795,138.079,388.506,0.348785,0.273385,0.233913,0.153801,0.267735
6739,usa,2004,othermanuf,35.959,3.2314,33.2811,109.753,25.0648,15.8395,255.598,5.5553,34.3038,29.583,74.7761,2.902,6.7927,9.6165,151.932,265.368,27961.9,16.3717,1211.09,1306.7,71.7879,92.8983,248.138,104.593,127.416,711.456,2123.83,othermanuf,15.3463,2.0512,7.1202,9.4714,1.476,4.7514,14.8925,1.6812,3.3031,7.2383,39.4035,1.9872,7.4502,4.7809,44.6139,103.345,7315.79,0.1577,3.8979,11.9541,20.2647,2.9894,10.3864,5.0841,37.4376,20.0923,21.167,0.412607,0.015674,0.015865,0.008412,0.015712
6740,usa,2004,water,365.951,17.5231,310.162,1064.24,175.02,129.939,121.538,57.6706,177.273,269.119,976.523,26.3391,126.417,152.134,1254.86,1682.72,126.868,17831.5,1780.92,4190.39,966.42,322.968,836.317,294.537,275.515,3123.0,11483.0,water,156.178,11.1231,66.3565,91.8409,10.3066,38.9785,7.0814,17.4532,17.0695,65.8478,514.582,18.0362,138.654,75.6339,368.482,655.319,33.193,171.794,5.7318,38.335,272.807,10.3928,35.006,14.3168,80.9524,88.1971,114.444,0.454942,0.000337,0.000377,0.003398,0.000363
6741,usa,2004,construction,1647.42,180.453,6166.13,4348.78,818.058,602.856,703.633,98.9885,807.008,1147.48,3959.42,143.762,378.29,413.043,5197.76,9342.26,631.119,3373.66,531568.0,16763.7,5792.77,6408.12,3095.92,1682.86,1555.74,10766.4,109417.0,construction,703.076,114.546,1319.19,375.287,48.1737,180.842,40.9975,29.9575,77.7066,280.765,2086.43,98.4437,414.905,205.345,1526.29,3638.26,165.122,32.5029,1710.84,153.36,1635.22,206.207,129.587,81.8004,457.111,304.055,1090.5,0.520379,0.003011,0.003843,0.018644,0.003228
6742,usa,2004,distribution,5964.7,389.892,3426.84,26889.9,5607.87,3218.35,4311.67,490.358,5913.76,5074.68,15780.7,497.034,2184.71,2612.21,47356.0,77004.7,5398.72,1883.2,65911.4,931390.0,9769.04,7805.47,9550.4,7576.8,9193.48,77083.5,105247.0,distribution,2545.57,247.491,733.144,2320.52,330.236,965.426,251.221,148.4,569.435,1241.67,8315.69,340.352,2396.17,1298.66,13905.8,29988.8,1412.49,18.1434,212.134,8520.65,2757.66,251.173,399.754,368.293,2701.25,2176.92,1048.94,0.610782,0.012039,0.018038,0.093149,0.013377
6743,usa,2004,transport,2694.04,216.087,4346.32,11341.6,2320.46,1290.08,1516.68,190.086,2606.0,2964.37,9224.1,565.995,1074.28,1027.11,13633.4,17228.4,1444.57,1774.73,21005.5,18765.5,119759.0,2138.72,5255.94,2332.44,2834.93,52493.1,45683.2,transport,1149.74,137.165,929.858,978.748,136.647,386.991,88.3702,57.5267,250.931,725.32,4860.67,387.575,1178.27,510.63,4003.37,6709.44,377.949,17.0983,67.6057,171.673,33806.2,68.8221,219.999,113.375,832.966,1482.46,455.298,0.434619,0.061878,0.065973,0.065508,0.061912
6744,usa,2004,communcation,596.759,55.7413,499.829,2206.97,513.95,326.812,437.285,52.3309,463.565,546.339,1623.64,57.2323,146.354,212.169,2768.65,5867.52,468.612,444.349,6001.63,17623.8,2186.18,143371.0,6588.64,4235.23,3271.15,10768.8,30190.8,communcation,254.681,35.3827,106.934,190.455,30.2655,98.0356,25.4786,15.8372,44.6366,133.678,855.58,39.1908,160.52,105.48,812.998,2285.05,122.605,4.281,19.3161,161.228,617.128,4613.55,275.783,205.866,961.137,304.122,300.894,0.563267,0.006536,0.009031,0.013929,0.007258
6745,usa,2004,finance,2322.65,352.968,5153.78,10018.5,2650.08,1552.99,1994.03,211.242,2386.58,2344.85,11042.7,271.495,744.73,1052.64,16177.0,27258.2,1993.81,2126.29,57794.7,59663.3,8415.75,11170.7,418955.0,21771.6,8323.3,29907.9,120474.0,finance,991.242,224.053,1102.61,864.569,156.058,465.858,116.183,63.9295,229.803,573.735,5819.01,185.911,816.815,523.32,4750.27,10615.5,521.649,20.4854,186.011,545.82,2375.65,359.463,17536.3,1058.27,2445.57,844.632,1200.7,0.660587,0.021269,0.034467,0.059501,0.024244
6746,usa,2004,insurance,553.036,57.9266,410.271,1614.38,396.788,185.725,254.119,33.8033,316.305,300.704,902.66,38.8139,97.0507,122.674,1701.54,2713.4,248.548,265.523,5442.62,5726.77,1234.84,645.695,1474.02,168460.0,595.009,5411.61,17749.4,insurance,236.021,36.77,87.774,139.316,23.366,55.713,14.8064,10.2301,30.4569,73.5759,475.659,26.5785,106.445,60.9878,499.647,1056.71,65.0286,2.5581,17.5169,52.3903,348.578,20.7779,61.6986,8188.51,174.827,152.83,176.898,0.500532,0.0112,0.013752,0.013292,0.01276
6747,usa,2004,obsict,11672.5,1075.68,5841.93,33359.7,9924.44,3566.93,7358.26,640.397,5264.31,6047.52,20596.1,616.776,1754.56,2444.29,33252.7,62514.8,6170.99,2459.96,63994.5,170284.0,16902.3,19262.7,62354.3,24049.8,182063.0,70695.0,320131.0,obsict,4981.51,682.808,1249.83,2878.84,584.43,1069.99,428.732,193.807,506.899,1479.7,10853.2,422.348,1924.38,1215.18,9764.46,24345.9,1614.54,23.7,205.964,1557.81,4771.29,619.857,2609.98,1169.01,53494.3,1996.51,3190.56,0.657768,0.064706,0.104409,0.145867,0.072135
6748,usa,2004,oconsumer,224.849,35.2431,332.04,1382.35,410.329,211.55,337.904,34.366,324.207,335.617,1048.61,36.0236,103.256,145.874,2059.29,3438.95,287.501,116.028,2284.35,6116.49,1038.78,2352.49,1721.71,1059.96,1740.65,326667.0,15305.8,oconsumer,95.9594,22.3711,71.0372,119.293,24.1634,63.4599,19.6881,10.4004,31.2179,82.1186,552.566,24.6678,113.251,72.5216,604.7,1339.27,75.22,1.1179,7.3521,55.9556,293.232,75.7009,72.0662,51.5226,511.442,9225.46,152.544,0.360716,0.020455,0.018101,0.015006,0.021249
6749,usa,2004,oservices,721.608,67.9032,694.674,2144.53,544.963,462.197,562.039,61.2715,629.154,624.565,1978.39,53.3488,139.419,228.91,3485.91,5330.71,910.815,463.144,4181.97,12864.0,1288.55,1446.43,6862.7,2544.68,2242.61,11189.2,3500000.0,oservices,307.963,43.1028,148.62,185.067,32.0918,138.648,32.7474,18.543,60.581,152.818,1042.52,36.5315,152.913,113.803,1023.62,2076.0,238.3,4.4621,13.4596,117.684,363.741,46.5448,287.254,123.692,658.93,315.996,34396.1,0.728758,0.04287,0.076641,0.045919,0.048566
6776,ven,2004,oservices,4.2268,5.1187,41.268,25.7372,7.22,1.1156,4.0875,2.9086,0.6547,2.6079,12.4404,1.3373,7.4448,1.4989,12.2475,4.4483,3.0894,0.6836,17.3195,79.1606,10.6679,9.3651,0.9207,0.6687,6.731,7.2959,17729.1,oservices,0.2851,3.3117,40.3375,1.0077,0.6038,0.1556,0.055,0.1424,0.1793,0.1834,5.6467,1.0454,7.4984,0.544,1.7511,0.8716,0.091,0.0052,0.0049,0.6858,2.0093,0.4384,0.0843,0.0235,0.5829,0.1855,139.375,0.804458,0.004283,0.006143,0.005521,0.004351
6803,vnm,2004,oservices,4.6581,1.6473,16.2692,10.084,7.5479,6.0086,8.4686,7.2753,1.5267,0.4503,1.9925,0.7259,0.4367,0.1673,0.6253,4.4358,1.4245,0.0019,13.4966,8.1795,2.4616,0.8043,1.2184,0.291,8.7106,3.3782,4560.63,oservices,2.0982,0.4921,13.9168,5.0314,0.3105,5.103,7.9663,7.2537,1.5091,0.1249,1.132,0.5792,0.3051,0.1376,0.1845,4.009,1.1967,0.0002,0.2279,0.7516,1.3864,0.2892,0.7279,0.2509,7.8727,1.0445,262.076,0.697757,0.011186,0.025559,0.020005,0.01804
6814,zaf,2004,chemicals,186.419,108.639,35.3472,327.906,105.15,67.6286,55.6368,43.7149,31.9061,69.6378,2408.29,11.7291,136.237,22.8674,286.756,233.012,176.16,17.8651,162.319,36.3901,68.256,12.6588,5.9527,26.3795,122.031,150.896,658.029,chemicals,77.7357,96.1391,31.1735,42.6022,15.8172,24.6521,6.2875,7.7065,31.6635,44.6701,1250.53,8.4216,136.631,13.2715,124.335,106.426,35.2686,0.6614,0.4492,6.6379,29.1865,1.3515,1.1511,1.5529,6.1236,18.2483,11.0757,0.182859,0.078274,0.044637,0.043388,0.075192
6823,zaf,2004,distribution,817.669,298.734,228.887,3786.28,1882.46,422.826,1360.39,437.098,201.68,321.824,1626.91,72.8389,1525.2,232.12,1934.34,2979.83,1102.82,59.5718,826.078,2438.63,333.495,152.471,34.1657,151.504,670.55,801.683,1769.13,distribution,340.963,264.362,201.861,491.92,283.17,154.13,153.736,77.0556,200.146,206.439,844.788,52.2989,1529.61,134.715,838.71,1361.01,220.792,2.2056,2.286,444.831,142.604,16.2788,6.6069,8.9184,33.6485,96.9501,29.7773,0.524101,0.012215,0.019964,0.165824,0.014243
6825,zaf,2004,communcation,109.553,67.4942,57.5127,491.321,229.945,58.9275,157.025,50.7714,28.0619,47.6002,259.361,15.3893,286.499,38.3816,227.947,375.669,140.235,24.953,317.197,229.557,185.38,1713.42,32.2827,143.124,630.072,367.795,1015.41,communcation,45.6827,59.7284,50.7217,63.8334,34.5895,21.4804,17.7452,8.9504,27.8485,30.5337,134.676,11.0496,287.328,22.2754,98.8353,171.583,28.0761,0.9239,0.8778,41.8737,79.2693,182.936,6.2428,8.4251,31.6173,44.4787,17.091,0.474772,0.004511,0.00668,0.031142,0.004953
6827,zaf,2004,insurance,235.524,133.25,132.449,726.263,287.421,74.8903,227.468,62.2728,37.9732,61.9881,345.914,22.3579,396.655,52.1928,279.986,451.141,172.071,32.774,547.403,236.41,526.943,42.5322,337.421,6131.72,858.236,405.546,832.877,insurance,98.212,117.918,116.81,94.3575,43.2353,27.2992,25.7059,10.978,37.6844,39.7631,179.619,16.0531,397.803,30.291,121.399,206.054,34.45,1.2134,1.5148,43.1236,225.323,4.541,65.2501,360.95,43.0667,49.0439,14.0187,0.584427,0.007409,0.013503,0.049008,0.009076
6828,zaf,2004,obsict,272.179,233.818,151.508,1373.89,644.616,190.458,394.105,126.522,82.2251,157.724,906.431,59.5154,995.045,115.901,566.884,1005.83,377.702,58.0818,1113.92,415.837,429.621,96.0867,131.503,582.839,8413.77,798.796,2753.55,obsict,113.497,206.915,133.618,178.498,96.9663,69.4264,44.5374,22.3045,81.5997,101.174,470.673,42.7325,997.925,67.2652,245.795,459.401,75.619,2.1504,3.0826,75.8531,183.707,10.2588,25.43,34.3094,422.207,96.601,46.3469,0.522812,0.010931,0.017821,0.08776,0.012732
6830,zaf,2004,oservices,63.6928,25.9981,5.681,54.1762,17.496,3.3968,7.3681,2.4594,2.1259,2.7474,15.1426,1.0633,17.4393,2.0071,10.1394,16.3665,6.638,1.1975,17.9779,6.3855,23.3067,1.7784,11.7316,51.9795,74.0619,60.0482,43921.5,oservices,26.5595,23.0068,5.0102,7.0387,2.6318,1.2382,0.8327,0.4336,2.1098,1.7623,7.863,0.7635,17.4897,1.1648,4.3964,7.4752,1.329,0.0443,0.0498,1.1648,9.966,0.1899,2.2686,3.0598,3.7165,7.2618,739.272,0.673122,0.016153,0.033908,0.017889,0.018721
6857,zmb,2004,oservices,0.541,1.0682,5.1792,1.2521,0.0539,0.0769,0.1386,0.0358,0.014,0.0239,0.1015,0.031,14.2892,0.0103,0.0131,0.048,0.0106,0.0242,0.752,0.1219,0.4451,0.0152,0.0012,0.0096,0.8515,0.0575,879.244,oservices,0.2298,0.2642,0.7289,0.0821,0.0018,0.0327,0.0115,0.0099,0.0118,0.0195,0.0886,0.031,14.3357,0.0103,0.0045,0.0352,0.0096,0.0016,0.0002,0.009,0.3637,0.0065,0.0005,0.009,0.1117,0.0108,58.9185,0.627953,0.04086,0.147699,0.048277,0.049345
6884,zwe,2004,oservices,9.4795,0.9173,0.5526,4.2674,1.3152,0.8407,0.8986,0.2949,0.7048,1.0105,0.0982,0.0947,1.6854,0.1198,0.6319,0.5999,0.2114,0.0151,4.6615,11.7996,2.7159,1.6767,11.105,6.0185,31.5972,21.3875,656.848,oservices,7.7333,0.9202,0.0189,1.2471,0.3848,0.2605,0.1198,0.123,0.3331,0.3664,0.1047,0.0859,1.7882,0.1053,0.0807,0.219,0.0764,0.0005,0.2278,0.695,1.4851,0.2404,1.6417,1.2423,7.6905,1.6101,10.0584,0.755533,0.005575,0.012594,0.025756,0.007647
